2001 super output areas - lower layer,mnemonic,"59 : Motion picture, video and television programme production, sound recording and music publishing activities",,60 : Programming and broadcasting activities,,61 : Telecommunications,,"62 : Computer programming, consultancy and related activities",,63 : Information service activities,,72 : Scientific research and development
Camden 001A,E01000907,5,,0,,0,,5,,0,,0
Camden 001B,E01000908,5,,0,,0,,5,,0,,0
Camden 001C,E01000909,30,,0,,0,,10,,0,,0
Camden 001D,E01000912,35,,0,,0,,10,,0,,0
Camden 001E,E01000913,5,,0,,0,,10,,0,,0
Camden 002E,E01000899,0,,0,,0,,10,,0,,0
Camden 002A,E01000893,10,,0,,0,,10,,10,,0
Camden 002B,E01000894,5,,0,,0,,10,,0,,0
Camden 002C,E01000895,5,,0,,5,,25,,0,,0
Camden 002D,E01000896,15,,0,,0,,10,,0,,0
Camden 003A,E01000910,15,,0,,0,,5,,0,,0
Camden 003B,E01000911,5,,0,,0,,10,,0,,0
Camden 003D,E01000923,10,,0,,0,,0,,0,,0
Camden 003C,E01000921,210,,0,,0,,10,,0,,0
Camden 003E,E01000928,60,,10,,30,,325,,5,,0
Camden 004A,E01000878,0,,0,,0,,15,,0,,0
Camden 004B,E01000879,25,,0,,0,,5,,0,,0
Camden 004C,E01000880,5,,0,,0,,10,,0,,0
Camden 004D,E01000884,5,,0,,0,,10,,0,,0
Camden 004E,E01000885,5,,0,,0,,5,,0,,0
Camden 005A,E01000871,5,,0,,0,,10,,0,,0
Camden 005B,E01000872,0,,0,,0,,15,,0,,0
Camden 005C,E01000873,10,,0,,0,,15,,0,,0
Camden 005D,E01000874,5,,0,,0,,5,,0,,0
Camden 005E,E01000877,5,,0,,0,,5,,0,,0
Camden 006D,E01000892,0,,0,,0,,5,,0,,0
Camden 006E,E01000903,5,,0,,0,,5,,0,,0
Camden 006A,E01000886,5,,0,,0,,5,,0,,0
Camden 006B,E01000887,5,,0,,0,,5,,15,,0
Camden 006C,E01000888,10,,0,,0,,15,,0,,0
Camden 007A,E01000889,35,,0,,0,,5,,0,,0
Camden 007B,E01000890,0,,0,,0,,5,,0,,0
Camden 007C,E01000891,0,,0,,0,,5,,100,,0
Camden 007D,E01000901,0,,0,,0,,0,,0,,5
Camden 007E,E01000922,45,,35,,0,,5,,0,,0
Camden 007F,E01000927,60,,0,,5,,15,,0,,0
Camden 008A,E01000881,15,,0,,10,,20,,0,,0
Camden 008B,E01000882,20,,0,,0,,15,,0,,0
Camden 008C,E01000883,35,,0,,0,,60,,5,,0
Camden 008D,E01000897,5,,0,,0,,5,,0,,0
Camden 008E,E01000898,10,,35,,0,,5,,0,,0
Camden 009B,E01000870,10,,0,,0,,5,,0,,0
Camden 009A,E01000866,50,,0,,0,,10,,0,,0
Camden 009C,E01000924,15,,10,,0,,30,,0,,0
Camden 009D,E01000925,5,,0,,0,,5,,0,,0
Camden 009E,E01000926,15,,0,,0,,15,,15,,0
Camden 010A,E01000969,5,,0,,10,,15,,0,,0
Camden 010B,E01000970,40,,0,,0,,10,,0,,0
Camden 010C,E01000971,5,,0,,0,,10,,0,,0
Camden 010D,E01000972,40,,0,,0,,30,,0,,0
Camden 010E,E01000973,0,,0,,0,,50,,5,,0
Camden 011B,E01000844,0,,0,,0,,15,,0,,5
Camden 011C,E01000848,15,,0,,0,,15,,0,,0
Camden 011D,E01000849,30,,0,,0,,15,,0,,0
Camden 011A,E01000842,10,,0,,0,,15,,0,,0
Camden 012B,E01000902,0,,0,,0,,5,,0,,0
Camden 012C,E01000904,0,,0,,5,,5,,0,,0
Camden 012D,E01000905,0,,0,,0,,5,,0,,0
Camden 012E,E01000906,45,,0,,5,,10,,0,,0
Camden 012A,E01000900,5,,0,,0,,5,,0,,0
Camden 013C,E01000931,0,,0,,5,,5,,0,,0
Camden 013D,E01000932,5,,0,,0,,10,,0,,0
Camden 013A,E01000875,0,,0,,0,,5,,0,,0
Camden 013B,E01000876,0,,0,,0,,50,,0,,0
Camden 013E,E01000974,5,,0,,0,,10,,0,,0
Camden 014A,E01000843,5,,0,,0,,10,,0,,0
Camden 014B,E01000845,10,,0,,0,,15,,0,,0
Camden 014C,E01000846,0,,0,,0,,10,,0,,0
Camden 014D,E01000847,5,,0,,0,,5,,15,,0
Camden 015A,E01000864,10,,0,,0,,10,,0,,0
Camden 015B,E01000865,0,,0,,0,,5,,0,,0
Camden 015C,E01000867,0,,0,,0,,30,,0,,0
Camden 015D,E01000868,5,,0,,0,,10,,0,,0
Camden 015E,E01000869,5,,0,,0,,10,,0,,0
Camden 016B,E01000964,5,,0,,0,,10,,0,,0
Camden 016C,E01000965,5,,0,,0,,5,,0,,0
Camden 016D,E01000966,0,,5,,0,,10,,0,,0
Camden 016A,E01000962,0,,0,,0,,10,,0,,0
Camden 016E,E01000968,5,,0,,0,,10,,0,,0
Camden 017C,E01000963,50,,0,,0,,5,,0,,0
Camden 017D,E01000967,5,,0,,0,,0,,0,,0
Camden 017A,E01000960,5,,0,,5,,25,,0,,0
Camden 017B,E01000961,0,,0,,0,,5,,5,,0
Camden 018E,E01000862,140,,0,,0,,175,,350,,0
Camden 018A,E01000857,100,,0,,0,,10,,0,,0
Camden 018B,E01000858,5,,0,,0,,0,,0,,0
Camden 018C,E01000859,170,,10,,0,,40,,0,,0
Camden 018D,E01000860,10,,5,,0,,5,,0,,0
Camden 019B,E01000861,20,,0,,0,,40,,175,,0
Camden 019A,E01000856,50,,5,,0,,100,,0,,0
Camden 019C,E01000957,5,,0,,0,,10,,0,,0
Camden 019D,E01000958,30,,0,,20,,210,,20,,110
Camden 019E,E01000959,5,,0,,0,,0,,0,,0
Camden 020A,E01000929,0,,0,,0,,0,,0,,0
Camden 020B,E01000930,0,,0,,5,,5,,5,,0
Camden 020C,E01000933,10,,0,,0,,10,,0,,0
Camden 020D,E01000934,10,,5,,0,,5,,0,,0
Camden 020E,E01000935,0,,0,,0,,5,,0,,0
Camden 021A,E01000863,230,,600,,5,,80,,5,,10
Camden 021B,E01000946,25,,0,,75,,1375,,0,,35
Camden 021C,E01000947,30,,0,,5,,25,,0,,0
Camden 021D,E01000948,50,,0,,0,,5,,0,,0
Camden 022A,E01000952,0,,0,,0,,0,,0,,0
Camden 022B,E01000953,0,,0,,0,,0,,0,,0
Camden 022C,E01000954,0,,0,,0,,5,,50,,0
Camden 022D,E01000955,0,,0,,0,,5,,0,,0
Camden 022E,E01000956,50,,0,,5,,5,,5,,0
Camden 023C,E01000949,20,,0,,0,,0,,0,,0
Camden 023D,E01000950,0,,0,,0,,0,,0,,0
Camden 023E,E01000951,0,,0,,0,,0,,0,,0
Camden 023A,E01000944,0,,0,,0,,0,,0,,0
Camden 023B,E01000945,0,,25,,10,,120,,0,,0
Camden 024B,E01000938,5,,0,,0,,60,,0,,0
Camden 024C,E01000939,5,,0,,20,,20,,5,,5
Camden 024D,E01000940,0,,0,,0,,0,,0,,0
Camden 024A,E01000936,10,,0,,0,,50,,0,,0
Camden 025B,E01000937,0,,0,,0,,0,,0,,5
Camden 025A,E01000853,15,,0,,10,,0,,10,,0
Camden 025C,E01000941,0,,0,,0,,25,,0,,0
Camden 025D,E01000942,0,,0,,125,,10,,0,,5
Camden 025E,E01000943,5,,0,,5,,200,,0,,50
Camden 026D,E01000854,275,,5,,20,,60,,225,,550
Camden 026A,E01000850,375,,190,,20,,700,,50,,80
Camden 026B,E01000851,200,,5,,250,,375,,10,,40
Camden 026C,E01000852,5,,0,,15,,10,,0,,700
Camden 027D,E01000920,750,,900,,100,,170,,35,,10
Camden 027A,E01000915,45,,0,,0,,90,,5,,600
Camden 027B,E01000916,110,,5,,35,,1250,,40,,5
Camden 027C,E01000917,20,,0,,150,,200,,0,,0
Camden 028C,E01000918,250,,0,,90,,230,,25,,225
Camden 028D,E01000919,425,,70,,20,,800,,60,,15
Camden 028B,E01000914,950,,20,,220,,1125,,35,,700
Camden 028A,E01000855,400,,100,,30,,150,,25,,160
City of London 001A,E01000001,5,,0,,15,,160,,10,,10
City of London 001B,E01000002,5,,0,,25,,750,,300,,0
City of London 001C,E01000003,0,,0,,0,,60,,0,,5
City of London 001D,E01000004,240,,150,,4500,,12500,,650,,160
City of London 001E,E01000005,0,,0,,800,,700,,325,,75
Hackney 001A,E01001808,0,,0,,0,,0,,0,,0
Hackney 001B,E01001809,0,,0,,0,,0,,0,,0
Hackney 001C,E01001814,5,,0,,0,,0,,0,,0
Hackney 001D,E01001823,0,,0,,0,,5,,0,,0
Hackney 001E,E01001825,0,,0,,0,,0,,0,,0
Hackney 002E,E01001813,0,,0,,0,,0,,0,,0
Hackney 002C,E01001810,0,,0,,0,,0,,0,,0
Hackney 002D,E01001811,0,,0,,0,,0,,10,,0
Hackney 002A,E01001714,0,,0,,0,,5,,0,,0
Hackney 002B,E01001721,0,,0,,0,,0,,0,,0
Hackney 003E,E01001812,0,,0,,0,,0,,0,,0
Hackney 003D,E01001807,0,,0,,0,,0,,0,,0
Hackney 003A,E01001799,0,,0,,0,,0,,0,,0
Hackney 003B,E01001802,0,,0,,0,,0,,0,,0
Hackney 003C,E01001804,0,,0,,0,,0,,0,,0
Hackney 004C,E01001800,0,,0,,0,,0,,0,,0
Hackney 004D,E01001824,0,,0,,0,,10,,0,,0
Hackney 004E,E01001826,0,,0,,0,,5,,0,,0
Hackney 004A,E01001725,0,,5,,0,,5,,0,,0
Hackney 004B,E01001726,0,,0,,0,,0,,0,,0
Hackney 005B,E01001728,0,,0,,0,,0,,0,,0
Hackney 005A,E01001722,5,,0,,0,,5,,0,,0
Hackney 005F,E01001827,0,,0,,0,,0,,0,,0
Hackney 005G,E01001828,0,,0,,0,,5,,0,,0
Hackney 005E,E01001822,0,,0,,10,,0,,0,,0
Hackney 005C,E01001797,5,,0,,0,,10,,0,,0
Hackney 005D,E01001798,0,,0,,0,,0,,0,,0
Hackney 006A,E01001723,0,,0,,0,,10,,0,,0
Hackney 006B,E01001724,5,,0,,0,,5,,0,,0
Hackney 006C,E01001727,0,,0,,0,,0,,0,,0
Hackney 006D,E01001768,5,,0,,0,,10,,0,,0
Hackney 006E,E01001769,5,,0,,0,,0,,0,,0
Hackney 007A,E01001715,0,,0,,0,,10,,0,,0
Hackney 007B,E01001716,10,,0,,0,,0,,0,,0
Hackney 007C,E01001717,0,,0,,0,,5,,0,,0
Hackney 007D,E01001718,10,,0,,0,,5,,0,,0
Hackney 007E,E01001719,0,,0,,0,,0,,0,,0
Hackney 007F,E01001720,5,,0,,0,,10,,0,,0
Hackney 008A,E01001742,0,,0,,0,,5,,0,,0
Hackney 008B,E01001801,0,,0,,0,,10,,0,,0
Hackney 008C,E01001803,0,,0,,0,,5,,5,,0
Hackney 008D,E01001806,0,,0,,0,,0,,0,,0
Hackney 009C,E01001829,5,,0,,0,,15,,0,,0
Hackney 009D,E01001831,10,,0,,0,,10,,0,,0
Hackney 009E,E01001832,0,,0,,0,,5,,0,,0
Hackney 009B,E01001805,10,,0,,0,,5,,0,,0
Hackney 009A,E01001741,0,,5,,0,,20,,0,,0
Hackney 010E,E01001770,0,,0,,0,,5,,0,,0
Hackney 010A,E01001764,0,,0,,0,,5,,0,,0
Hackney 010B,E01001765,0,,0,,0,,0,,0,,0
Hackney 010C,E01001766,5,,5,,0,,5,,0,,0
Hackney 010D,E01001767,0,,0,,0,,0,,0,,0
Hackney 011A,E01001792,0,,0,,0,,10,,0,,0
Hackney 011B,E01001793,0,,0,,0,,5,,0,,0
Hackney 011C,E01001794,5,,0,,0,,5,,0,,0
Hackney 011D,E01001795,5,,0,,0,,0,,0,,0
Hackney 011E,E01001796,0,,0,,0,,10,,0,,0
Hackney 012A,E01001736,5,,0,,0,,5,,5,,0
Hackney 012B,E01001737,5,,0,,0,,5,,0,,0
Hackney 012C,E01001738,5,,0,,0,,10,,0,,0
Hackney 012D,E01001739,5,,5,,0,,5,,0,,0
Hackney 013D,E01001790,0,,0,,0,,0,,0,,0
Hackney 013A,E01001786,0,,0,,0,,0,,0,,0
Hackney 013B,E01001787,0,,0,,0,,0,,0,,0
Hackney 013C,E01001788,0,,0,,0,,10,,0,,0
Hackney 014D,E01001833,5,,0,,0,,5,,0,,0
Hackney 014E,E01001834,5,,0,,0,,20,,0,,0
Hackney 014F,E01001835,0,,0,,0,,5,,0,,0
Hackney 014C,E01001830,0,,0,,0,,5,,0,,0
Hackney 014A,E01001740,0,,0,,0,,0,,0,,0
Hackney 014B,E01001747,5,,10,,0,,10,,0,,0
Hackney 015A,E01001733,0,,0,,0,,0,,0,,0
Hackney 015C,E01001789,0,,0,,0,,5,,0,,0
Hackney 015D,E01001791,0,,0,,0,,0,,0,,0
Hackney 015B,E01001785,5,,0,,0,,5,,0,,0
Hackney 016C,E01001757,0,,0,,0,,0,,0,,0
Hackney 016D,E01001758,5,,0,,0,,0,,0,,0
Hackney 016E,E01001759,0,,0,,0,,0,,0,,0
Hackney 016A,E01001745,0,,0,,0,,5,,0,,0
Hackney 016B,E01001746,0,,0,,0,,0,,0,,0
Hackney 016F,E01001761,15,,0,,0,,5,,0,,0
Hackney 017D,E01001762,0,,0,,0,,0,,0,,0
Hackney 017C,E01001760,0,,0,,0,,10,,0,,0
Hackney 017B,E01001734,0,,5,,0,,0,,0,,0
Hackney 017A,E01001731,75,,0,,0,,5,,0,,0
Hackney 018A,E01001846,0,,0,,0,,5,,0,,0
Hackney 018B,E01001847,0,,0,,0,,0,,0,,0
Hackney 018C,E01001848,0,,0,,0,,5,,0,,0
Hackney 018D,E01001849,5,,0,,0,,5,,5,,0
Hackney 019F,E01001850,0,,0,,0,,10,,0,,0
Hackney 019C,E01001732,0,,0,,0,,0,,0,,0
Hackney 019D,E01001735,5,,0,,0,,0,,0,,0
Hackney 019A,E01001729,0,,0,,0,,0,,0,,0
Hackney 019B,E01001730,0,,0,,0,,0,,0,,0
Hackney 019E,E01001838,0,,0,,0,,0,,0,,0
Hackney 020D,E01001816,5,,0,,0,,5,,0,,0
Hackney 020E,E01001819,5,,0,,0,,10,,0,,0
Hackney 020C,E01001763,5,,5,,0,,0,,0,,0
Hackney 020A,E01001748,0,,0,,0,,10,,0,,0
Hackney 020B,E01001749,10,,5,,0,,5,,0,,0
Hackney 021C,E01001750,5,,0,,0,,20,,0,,0
Hackney 021D,E01001751,5,,0,,0,,15,,0,,0
Hackney 021A,E01001743,100,,0,,0,,25,,5,,5
Hackney 021B,E01001744,5,,0,,0,,5,,0,,0
Hackney 021F,E01001817,15,,0,,0,,10,,0,,0
Hackney 021E,E01001756,5,,0,,0,,10,,0,,0
Hackney 022D,E01001844,5,,0,,0,,5,,0,,0
Hackney 022E,E01001845,0,,0,,0,,0,,0,,0
Hackney 022B,E01001840,0,,0,,0,,0,,5,,0
Hackney 022C,E01001841,0,,0,,0,,0,,0,,0
Hackney 022A,E01001836,5,,5,,0,,15,,0,,0
Hackney 023B,E01001837,0,,0,,0,,5,,0,,0
Hackney 023D,E01001842,5,,0,,0,,5,,0,,0
Hackney 023E,E01001843,5,,0,,0,,0,,0,,0
Hackney 023C,E01001839,0,,0,,0,,10,,0,,0
Hackney 023A,E01001818,25,,0,,35,,15,,0,,0
Hackney 024E,E01001820,0,,0,,0,,0,,0,,0
Hackney 024F,E01001821,0,,0,,0,,0,,0,,0
Hackney 024D,E01001815,15,,0,,0,,5,,0,,0
Hackney 024B,E01001774,30,,0,,0,,20,,0,,0
Hackney 024C,E01001775,0,,0,,0,,0,,0,,0
Hackney 024A,E01001772,0,,0,,0,,5,,0,,0
Hackney 025E,E01001773,0,,0,,0,,5,,0,,0
Hackney 025F,E01001776,0,,0,,0,,0,,0,,0
Hackney 025A,E01001752,10,,0,,0,,20,,5,,0
Hackney 025B,E01001753,0,,0,,0,,0,,0,,0
Hackney 025C,E01001754,5,,0,,0,,15,,0,,0
Hackney 025D,E01001755,0,,0,,0,,0,,0,,0
Hackney 026A,E01001779,80,,0,,0,,220,,0,,0
Hackney 026B,E01001781,0,,0,,0,,5,,0,,0
Hackney 026C,E01001782,15,,0,,0,,110,,0,,5
Hackney 026D,E01001783,0,,0,,0,,5,,0,,0
Hackney 027E,E01001784,5,,0,,0,,5,,0,,0
Hackney 027D,E01001780,30,,50,,45,,80,,5,,0
Hackney 027B,E01001777,50,,0,,0,,15,,5,,0
Hackney 027C,E01001778,30,,0,,175,,200,,0,,5
Hackney 027A,E01001771,600,,150,,700,,1500,,600,,100
Hammersmith and Fulham 001A,E01001874,1750,,3000,,0,,45,,0,,0
Hammersmith and Fulham 001B,E01001875,0,,0,,0,,10,,0,,0
Hammersmith and Fulham 001C,E01001876,0,,0,,0,,0,,0,,1250
Hammersmith and Fulham 001D,E01001877,10,,0,,25,,20,,0,,0
Hammersmith and Fulham 001E,E01001878,0,,0,,0,,0,,0,,0
Hammersmith and Fulham 002D,E01001961,0,,0,,0,,0,,0,,0
Hammersmith and Fulham 002B,E01001957,0,,0,,0,,0,,0,,0
Hammersmith and Fulham 002C,E01001958,0,,0,,0,,0,,0,,0
Hammersmith and Fulham 002A,E01001955,5,,0,,0,,0,,0,,0
Hammersmith and Fulham 003B,E01001956,5,,0,,0,,0,,0,,0
Hammersmith and Fulham 003C,E01001959,0,,0,,0,,10,,0,,0
Hammersmith and Fulham 003D,E01001960,5,,0,,0,,5,,0,,0
Hammersmith and Fulham 003A,E01001954,0,,0,,0,,5,,0,,0
Hammersmith and Fulham 004A,E01001943,170,,15,,30,,10,,0,,0
Hammersmith and Fulham 004B,E01001944,0,,0,,0,,5,,0,,0
Hammersmith and Fulham 004C,E01001945,10,,5,,0,,10,,0,,0
Hammersmith and Fulham 004D,E01001946,3000,,15,,0,,10,,0,,20
Hammersmith and Fulham 005B,E01001940,10,,0,,0,,5,,0,,0
Hammersmith and Fulham 005C,E01001941,20,,0,,0,,350,,0,,0
Hammersmith and Fulham 005D,E01001942,10,,0,,5,,5,,0,,0
Hammersmith and Fulham 005A,E01001862,5,,0,,0,,0,,0,,0
Hammersmith and Fulham 006D,E01001863,5,,0,,0,,5,,0,,0
Hammersmith and Fulham 006E,E01001864,100,,0,,0,,5,,0,,0
Hammersmith and Fulham 006A,E01001858,5,,0,,0,,0,,0,,0
Hammersmith and Fulham 006B,E01001860,0,,0,,0,,5,,0,,0
Hammersmith and Fulham 006C,E01001861,10,,0,,0,,0,,0,,0
Hammersmith and Fulham 007A,E01001852,850,,75,,0,,20,,0,,0
Hammersmith and Fulham 007B,E01001853,5,,0,,0,,5,,0,,0
Hammersmith and Fulham 007C,E01001854,25,,5,,0,,170,,10,,0
Hammersmith and Fulham 007D,E01001857,30,,0,,0,,5,,0,,0
Hammersmith and Fulham 008A,E01001859,5,,0,,0,,5,,0,,0
Hammersmith and Fulham 008B,E01001865,10,,0,,0,,5,,0,,0
Hammersmith and Fulham 008C,E01001927,5,,0,,0,,10,,0,,0
Hammersmith and Fulham 008D,E01001930,15,,10,,0,,5,,0,,0
Hammersmith and Fulham 009D,E01001929,5,,0,,0,,10,,0,,0
Hammersmith and Fulham 009A,E01001895,30,,0,,0,,30,,0,,0
Hammersmith and Fulham 009B,E01001896,15,,0,,0,,20,,0,,0
Hammersmith and Fulham 009C,E01001897,5,,0,,0,,15,,5,,0
Hammersmith and Fulham 010E,E01001873,0,,0,,0,,5,,0,,0
Hammersmith and Fulham 010B,E01001855,15,,0,,0,,10,,0,,0
Hammersmith and Fulham 010C,E01001856,0,,0,,0,,5,,0,,0
Hammersmith and Fulham 010A,E01001851,50,,0,,0,,40,,0,,0
Hammersmith and Fulham 010D,E01001869,35,,0,,0,,250,,0,,0
Hammersmith and Fulham 011A,E01001928,5,,100,,0,,5,,0,,0
Hammersmith and Fulham 011B,E01001931,0,,0,,0,,15,,0,,0
Hammersmith and Fulham 011C,E01001932,0,,0,,5,,15,,0,,0
Hammersmith and Fulham 011D,E01001933,20,,0,,125,,75,,0,,0
Hammersmith and Fulham 012D,E01001870,120,,20,,0,,375,,0,,0
Hammersmith and Fulham 012E,E01001871,20,,0,,120,,90,,0,,0
Hammersmith and Fulham 012F,E01001872,5,,5,,0,,10,,0,,0
Hammersmith and Fulham 012A,E01001866,90,,5,,0,,50,,0,,0
Hammersmith and Fulham 012B,E01001867,75,,0,,0,,60,,0,,0
Hammersmith and Fulham 012C,E01001868,0,,0,,0,,5,,0,,0
Hammersmith and Fulham 013A,E01001893,15,,10,,0,,0,,0,,0
Hammersmith and Fulham 013B,E01001894,110,,30,,5,,70,,0,,0
Hammersmith and Fulham 013C,E01001898,275,,275,,220,,750,,30,,15
Hammersmith and Fulham 013D,E01001899,35,,0,,10,,140,,30,,0
Hammersmith and Fulham 013E,E01001900,80,,30,,0,,90,,0,,0
Hammersmith and Fulham 014A,E01001889,0,,0,,0,,5,,0,,0
Hammersmith and Fulham 014C,E01001913,0,,0,,0,,10,,0,,0
Hammersmith and Fulham 014D,E01001914,5,,0,,0,,10,,0,,0
Hammersmith and Fulham 014B,E01001910,0,,0,,0,,10,,0,,0
Hammersmith and Fulham 015D,E01001911,0,,0,,0,,0,,0,,0
Hammersmith and Fulham 015E,E01001912,10,,0,,5,,0,,0,,0
Hammersmith and Fulham 015B,E01001908,0,,0,,0,,10,,0,,0
Hammersmith and Fulham 015C,E01001909,5,,0,,0,,10,,0,,0
Hammersmith and Fulham 015A,E01001885,0,,0,,0,,0,,0,,0
Hammersmith and Fulham 016A,E01001886,5,,0,,0,,5,,0,,0
Hammersmith and Fulham 016B,E01001887,0,,0,,0,,0,,0,,0
Hammersmith and Fulham 016C,E01001890,0,,0,,10,,0,,0,,0
Hammersmith and Fulham 016D,E01001892,5,,0,,0,,0,,0,,0
Hammersmith and Fulham 017A,E01001880,10,,0,,0,,10,,0,,0
Hammersmith and Fulham 017B,E01001881,5,,0,,0,,5,,0,,0
Hammersmith and Fulham 017C,E01001882,5,,0,,0,,15,,0,,0
Hammersmith and Fulham 017D,E01001883,30,,0,,0,,35,,25,,0
Hammersmith and Fulham 017E,E01001884,0,,0,,0,,5,,0,,0
Hammersmith and Fulham 018A,E01001888,10,,0,,0,,5,,0,,0
Hammersmith and Fulham 018C,E01001917,0,,0,,0,,15,,0,,0
Hammersmith and Fulham 018D,E01001918,0,,0,,0,,10,,0,,0
Hammersmith and Fulham 018E,E01001919,10,,0,,0,,5,,0,,0
Hammersmith and Fulham 018B,E01001891,0,,0,,0,,25,,0,,0
Hammersmith and Fulham 019B,E01001901,5,,0,,0,,25,,0,,0
Hammersmith and Fulham 019C,E01001902,30,,0,,0,,30,,0,,0
Hammersmith and Fulham 019D,E01001903,15,,0,,0,,5,,0,,0
Hammersmith and Fulham 019A,E01001879,0,,0,,0,,5,,0,,0
Hammersmith and Fulham 020A,E01001920,80,,25,,0,,60,,0,,0
Hammersmith and Fulham 020B,E01001921,0,,25,,0,,10,,0,,0
Hammersmith and Fulham 020C,E01001922,0,,0,,0,,5,,0,,0
Hammersmith and Fulham 020D,E01001923,10,,0,,0,,20,,0,,0
Hammersmith and Fulham 020E,E01001924,5,,0,,0,,5,,0,,0
Hammersmith and Fulham 021A,E01001947,0,,0,,0,,0,,0,,0
Hammersmith and Fulham 021B,E01001948,100,,0,,0,,70,,0,,0
Hammersmith and Fulham 021C,E01001949,5,,0,,0,,10,,0,,0
Hammersmith and Fulham 021D,E01001950,0,,0,,5,,5,,0,,0
Hammersmith and Fulham 021E,E01001951,0,,5,,0,,5,,0,,0
Hammersmith and Fulham 021F,E01001953,0,,0,,15,,40,,0,,0
Hammersmith and Fulham 022A,E01001904,5,,0,,0,,30,,0,,0
Hammersmith and Fulham 022B,E01001905,5,,0,,0,,5,,0,,0
Hammersmith and Fulham 022C,E01001906,0,,0,,0,,5,,0,,0
Hammersmith and Fulham 022D,E01001907,0,,0,,0,,10,,0,,0
Hammersmith and Fulham 023C,E01001939,70,,0,,20,,100,,10,,0
Hammersmith and Fulham 023A,E01001935,5,,0,,0,,5,,0,,0
Hammersmith and Fulham 023B,E01001936,45,,0,,0,,240,,30,,0
Hammersmith and Fulham 024D,E01001952,15,,5,,5,,60,,0,,0
Hammersmith and Fulham 024C,E01001926,0,,0,,0,,25,,0,,0
Hammersmith and Fulham 024A,E01001915,10,,0,,10,,60,,0,,0
Hammersmith and Fulham 024B,E01001916,5,,0,,0,,15,,0,,0
Hammersmith and Fulham 025A,E01001925,10,,10,,175,,70,,5,,0
Hammersmith and Fulham 025C,E01001937,0,,0,,0,,10,,0,,0
Hammersmith and Fulham 025D,E01001938,0,,0,,0,,20,,0,,0
Hammersmith and Fulham 025B,E01001934,0,,0,,0,,30,,0,,0
Haringey 001A,E01001969,0,,0,,0,,10,,0,,0
Haringey 001C,E01001974,5,,0,,0,,10,,0,,0
Haringey 001D,E01001975,0,,0,,0,,5,,0,,0
Haringey 001B,E01001971,0,,0,,0,,0,,0,,0
Haringey 002C,E01002039,0,,0,,0,,0,,0,,0
Haringey 002D,E01002040,0,,0,,0,,0,,0,,0
Haringey 002A,E01002036,0,,0,,0,,0,,0,,0
Haringey 002B,E01002037,0,,0,,10,,5,,0,,0
Haringey 003C,E01002038,0,,0,,0,,0,,0,,0
Haringey 003D,E01002041,0,,0,,0,,0,,0,,0
Haringey 003A,E01002034,0,,0,,0,,0,,0,,0
Haringey 003B,E01002035,0,,0,,0,,0,,0,,0
Haringey 004C,E01001972,0,,0,,0,,5,,0,,0
Haringey 004D,E01001973,0,,0,,5,,80,,0,,0
Haringey 004B,E01001970,0,,0,,0,,0,,0,,0
Haringey 004A,E01001962,0,,0,,0,,15,,0,,0
Haringey 005A,E01002090,0,,0,,0,,0,,0,,0
Haringey 005B,E01002093,0,,0,,0,,0,,0,,0
Haringey 005C,E01002096,0,,0,,0,,0,,0,,0
Haringey 005D,E01002097,0,,0,,0,,5,,0,,0
Haringey 006C,E01002094,0,,0,,10,,0,,0,,0
Haringey 006D,E01002095,0,,0,,0,,0,,0,,0
Haringey 006A,E01002091,0,,0,,0,,0,,0,,0
Haringey 006B,E01002092,0,,0,,0,,0,,0,,0
Haringey 007A,E01002098,0,,0,,40,,5,,0,,0
Haringey 007B,E01002101,0,,0,,0,,5,,0,,0
Haringey 007C,E01002102,0,,0,,0,,5,,0,,0
Haringey 007D,E01002105,5,,0,,0,,0,,0,,0
Haringey 008C,E01002103,0,,0,,0,,5,,0,,0
Haringey 008D,E01002104,0,,0,,0,,15,,0,,0
Haringey 008A,E01002099,0,,0,,0,,10,,0,,0
Haringey 008B,E01002100,0,,0,,0,,0,,0,,0
Haringey 009A,E01001963,5,,0,,0,,10,,0,,0
Haringey 009B,E01001964,0,,0,,0,,15,,0,,0
Haringey 009C,E01001965,5,,0,,0,,15,,0,,0
Haringey 009D,E01001966,0,,0,,0,,5,,0,,0
Haringey 010C,E01002032,0,,0,,0,,5,,0,,0
Haringey 010D,E01002033,0,,0,,0,,0,,0,,0
Haringey 010A,E01002027,0,,0,,0,,10,,0,,0
Haringey 010B,E01002028,0,,0,,0,,0,,0,,0
Haringey 011A,E01001976,0,,0,,0,,0,,0,,0
Haringey 011B,E01001977,0,,0,,0,,0,,0,,0
Haringey 011C,E01001978,0,,0,,0,,5,,0,,0
Haringey 011D,E01001979,0,,0,,5,,0,,0,,0
Haringey 012A,E01002074,0,,0,,0,,0,,0,,0
Haringey 012B,E01002077,0,,0,,0,,0,,0,,0
Haringey 012C,E01002079,0,,0,,0,,5,,0,,0
Haringey 012D,E01002081,0,,0,,0,,0,,0,,0
Haringey 013A,E01002082,0,,0,,0,,0,,0,,0
Haringey 013B,E01002086,0,,0,,0,,0,,0,,0
Haringey 013C,E01002088,5,,0,,0,,0,,0,,0
Haringey 013D,E01002089,0,,0,,0,,0,,0,,0
Haringey 014C,E01001996,5,,0,,0,,5,,0,,0
Haringey 014D,E01001997,10,,0,,5,,15,,0,,0
Haringey 014A,E01001967,10,,0,,0,,15,,0,,0
Haringey 014B,E01001968,5,,0,,0,,10,,0,,0
Haringey 015D,E01002080,0,,0,,5,,50,,0,,0
Haringey 015C,E01002078,0,,0,,5,,5,,0,,0
Haringey 015A,E01002075,0,,0,,0,,0,,0,,0
Haringey 015B,E01002076,0,,0,,0,,0,,0,,0
Haringey 016A,E01002026,50,,0,,0,,0,,0,,0
Haringey 016B,E01002029,35,,0,,0,,50,,0,,0
Haringey 016C,E01002030,0,,0,,75,,5,,0,,0
Haringey 016D,E01002031,0,,0,,0,,5,,0,,0
Haringey 017D,E01001995,0,,0,,0,,10,,0,,0
Haringey 017A,E01001991,0,,0,,0,,10,,0,,0
Haringey 017B,E01001992,5,,0,,0,,10,,0,,0
Haringey 017C,E01001993,5,,0,,0,,5,,0,,0
Haringey 018A,E01001980,0,,0,,0,,10,,0,,0
Haringey 018B,E01001981,0,,0,,0,,0,,0,,0
Haringey 018C,E01001982,0,,0,,0,,0,,0,,0
Haringey 018D,E01001983,0,,0,,0,,0,,0,,0
Haringey 019A,E01002083,0,,0,,0,,0,,0,,0
Haringey 019B,E01002084,0,,0,,0,,20,,0,,0
Haringey 019C,E01002085,0,,0,,0,,5,,0,,0
Haringey 019D,E01002087,5,,0,,0,,5,,0,,0
Haringey 020A,E01002012,0,,0,,0,,10,,0,,0
Haringey 020B,E01002014,0,,0,,0,,15,,0,,0
Haringey 020C,E01002015,0,,0,,0,,0,,0,,0
Haringey 020D,E01002018,5,,5,,0,,5,,0,,0
Haringey 021A,E01002020,5,,0,,0,,0,,0,,0
Haringey 021D,E01002025,0,,0,,0,,5,,0,,0
Haringey 021B,E01002022,20,,0,,15,,5,,0,,0
Haringey 021C,E01002023,0,,0,,0,,10,,0,,0
Haringey 022D,E01002024,0,,0,,0,,5,,0,,0
Haringey 022C,E01002021,0,,0,,0,,10,,0,,0
Haringey 022B,E01002019,30,,0,,0,,10,,0,,0
Haringey 022A,E01002013,5,,0,,0,,25,,0,,0
Haringey 023A,E01001998,0,,0,,0,,10,,0,,0
Haringey 023B,E01001999,10,,0,,5,,10,,0,,0
Haringey 023C,E01002003,0,,0,,0,,0,,0,,0
Haringey 023D,E01002004,0,,0,,0,,5,,0,,0
Haringey 024D,E01002073,0,,0,,0,,0,,0,,0
Haringey 024B,E01002069,0,,0,,0,,0,,0,,0
Haringey 024C,E01002070,0,,0,,0,,5,,0,,0
Haringey 024A,E01002067,0,,5,,0,,0,,0,,0
Haringey 025B,E01002068,0,,0,,0,,5,,0,,0
Haringey 025C,E01002071,0,,0,,0,,0,,0,,0
Haringey 025D,E01002072,0,,0,,0,,5,,0,,0
Haringey 025A,E01002066,0,,0,,0,,0,,0,,0
Haringey 026D,E01002049,0,,0,,0,,0,,0,,0
Haringey 026A,E01002043,5,,0,,0,,5,,0,,0
Haringey 026B,E01002045,0,,0,,0,,0,,0,,0
Haringey 026C,E01002046,0,,0,,0,,0,,0,,0
Haringey 027C,E01002047,0,,0,,0,,5,,0,,0
Haringey 027D,E01002048,0,,0,,0,,5,,0,,0
Haringey 027B,E01002044,0,,0,,0,,5,,0,,0
Haringey 027A,E01002042,0,,0,,0,,5,,0,,0
Haringey 028A,E01002016,0,,0,,0,,20,,0,,0
Haringey 028B,E01002017,5,,0,,0,,10,,0,,0
Haringey 028C,E01002059,10,,0,,0,,0,,0,,0
Haringey 028D,E01002060,10,,0,,0,,10,,0,,0
Haringey 029A,E01002050,0,,0,,0,,0,,0,,0
Haringey 029B,E01002051,0,,0,,0,,5,,0,,0
Haringey 029C,E01002052,0,,0,,0,,0,,0,,0
Haringey 029D,E01002055,0,,0,,0,,5,,0,,0
Haringey 030C,E01002010,5,,0,,0,,30,,0,,0
Haringey 030D,E01002011,5,,5,,0,,10,,0,,0
Haringey 030B,E01002008,10,,0,,0,,5,,0,,0
Haringey 030A,E01001994,5,,0,,0,,15,,0,,0
Haringey 031A,E01002000,0,,0,,0,,5,,0,,0
Haringey 031B,E01002001,5,,0,,0,,5,,0,,0
Haringey 031C,E01002002,5,,0,,0,,5,,0,,0
Haringey 031D,E01002058,5,,0,,0,,25,,0,,0
Haringey 032C,E01002056,5,,0,,0,,0,,0,,0
Haringey 032D,E01002057,5,,0,,20,,10,,0,,0
Haringey 032A,E01002053,0,,0,,0,,0,,0,,0
Haringey 032B,E01002054,0,,0,,0,,0,,0,,0
Haringey 033D,E01001989,5,,0,,0,,15,,5,,0
Haringey 033C,E01001987,5,,5,,0,,25,,0,,0
Haringey 033A,E01001984,5,,0,,0,,5,,0,,0
Haringey 033B,E01001985,5,,0,,5,,15,,0,,0
Haringey 034A,E01001986,5,,0,,0,,5,,0,,0
Haringey 034B,E01001988,20,,0,,0,,5,,0,,0
Haringey 034C,E01001990,15,,0,,5,,10,,0,,5
Haringey 034D,E01002062,5,,0,,0,,10,,0,,0
Haringey 035D,E01002009,10,,0,,0,,30,,0,,0
Haringey 035A,E01002005,5,,5,,0,,15,,0,,0
Haringey 035B,E01002006,5,,0,,0,,10,,0,,0
Haringey 035C,E01002007,10,,0,,0,,5,,0,,0
Haringey 036B,E01002063,5,,0,,0,,10,,0,,0
Haringey 036C,E01002064,5,,0,,0,,10,,0,,0
Haringey 036D,E01002065,10,,0,,0,,5,,0,,0
Haringey 036A,E01002061,5,,0,,0,,5,,0,,0
Islington 001C,E01002758,0,,0,,0,,5,,0,,0
Islington 001A,E01002755,0,,0,,0,,5,,0,,0
Islington 001B,E01002756,15,,0,,0,,5,,0,,0
Islington 001D,E01002804,0,,0,,0,,0,,0,,0
Islington 001E,E01002807,5,,0,,0,,0,,0,,0
Islington 001F,E01002811,0,,0,,0,,15,,0,,0
Islington 002F,E01002772,5,,0,,0,,10,,0,,0
Islington 002C,E01002757,5,,0,,0,,10,,0,,0
Islington 002D,E01002759,0,,0,,0,,5,,0,,0
Islington 002E,E01002760,0,,0,,0,,5,,0,,0
Islington 002A,E01002753,5,,0,,0,,0,,0,,0
Islington 002B,E01002754,5,,0,,0,,10,,0,,0
Islington 003A,E01002735,5,,0,,0,,25,,0,,0
Islington 003B,E01002805,5,,0,,0,,5,,0,,0
Islington 003C,E01002806,0,,0,,0,,5,,0,,0
Islington 003D,E01002808,5,,0,,0,,0,,0,,0
Islington 003E,E01002809,0,,0,,0,,10,,0,,0
Islington 003F,E01002810,5,,0,,0,,5,,0,,0
Islington 004D,E01002773,0,,0,,0,,0,,0,,0
Islington 004E,E01002774,5,,0,,0,,0,,0,,0
Islington 004B,E01002770,0,,0,,0,,45,,0,,20
Islington 004C,E01002771,5,,20,,0,,10,,0,,0
Islington 004A,E01002768,0,,0,,0,,5,,0,,0
Islington 005E,E01002751,0,,0,,0,,5,,0,,0
Islington 005C,E01002736,0,,0,,0,,0,,0,,5
Islington 005D,E01002737,0,,0,,0,,0,,0,,0
Islington 005B,E01002734,15,,5,,0,,20,,0,,0
Islington 005A,E01002732,0,,0,,0,,0,,0,,0
Islington 006B,E01002747,0,,0,,0,,5,,0,,0
Islington 006C,E01002748,5,,0,,0,,5,,0,,0
Islington 006D,E01002749,0,,0,,0,,5,,0,,0
Islington 006E,E01002750,0,,0,,0,,15,,0,,0
Islington 006A,E01002742,5,,0,,0,,10,,0,,0
Islington 007D,E01002763,0,,0,,0,,0,,0,,0
Islington 007C,E01002733,0,,0,,0,,5,,0,,0
Islington 007A,E01002730,5,,0,,0,,5,,0,,0
Islington 007B,E01002731,0,,0,,0,,15,,0,,0
Islington 008A,E01002769,5,,0,,100,,25,,0,,0
Islington 008B,E01002785,20,,0,,0,,0,,0,,0
Islington 008C,E01002788,5,,5,,0,,10,,0,,0
Islington 008D,E01002789,10,,5,,0,,5,,0,,0
Islington 009E,E01002752,10,,0,,0,,0,,0,,0
Islington 009C,E01002743,10,,0,,0,,5,,0,,0
Islington 009D,E01002744,0,,0,,0,,10,,0,,0
Islington 009A,E01002738,15,,0,,5,,35,,0,,0
Islington 009B,E01002741,0,,0,,0,,0,,0,,0
Islington 010A,E01002764,0,,15,,0,,5,,0,,0
Islington 010D,E01002786,40,,0,,0,,40,,0,,0
Islington 010E,E01002787,0,,0,,0,,5,,0,,0
Islington 010B,E01002783,0,,0,,0,,5,,0,,0
Islington 010C,E01002784,0,,0,,0,,5,,0,,0
Islington 011D,E01002767,5,,0,,0,,10,,0,,0
Islington 011B,E01002761,15,,0,,0,,30,,5,,0
Islington 011C,E01002762,0,,0,,0,,5,,0,,0
Islington 011A,E01002746,5,,0,,0,,20,,10,,0
Islington 012D,E01002781,0,,0,,0,,0,,0,,0
Islington 012E,E01002782,0,,0,,0,,0,,0,,0
Islington 012A,E01002777,5,,0,,0,,10,,0,,0
Islington 012B,E01002778,0,,0,,10,,5,,0,,0
Islington 012C,E01002779,5,,0,,0,,25,,0,,0
Islington 013D,E01002795,10,,0,,0,,15,,0,,0
Islington 013E,E01002796,5,,0,,0,,15,,0,,0
Islington 013A,E01002739,10,,0,,0,,20,,0,,0
Islington 013B,E01002740,5,,0,,0,,5,,0,,0
Islington 013C,E01002745,5,,0,,0,,5,,0,,0
Islington 014B,E01002718,0,,0,,0,,10,,0,,0
Islington 014A,E01002716,15,,0,,0,,10,,0,,0
Islington 014C,E01002721,0,,0,,0,,10,,0,,0
Islington 014F,E01002780,5,,0,,0,,0,,0,,0
Islington 014D,E01002775,0,,0,,0,,5,,0,,0
Islington 014E,E01002776,0,,0,,0,,10,,0,,0
Islington 015A,E01002708,10,,0,,0,,40,,30,,0
Islington 015B,E01002712,5,,0,,20,,5,,0,,0
Islington 015C,E01002713,0,,0,,0,,0,,0,,0
Islington 015D,E01002765,5,,10,,0,,40,,10,,0
Islington 015E,E01002766,0,,0,,0,,5,,0,,0
Islington 016A,E01002717,0,,0,,0,,5,,0,,0
Islington 016B,E01002719,5,,0,,0,,10,,5,,0
Islington 016C,E01002720,0,,0,,0,,10,,0,,0
Islington 016D,E01002790,0,,0,,0,,15,,0,,0
Islington 016E,E01002791,0,,0,,0,,20,,0,,0
Islington 016F,E01002793,20,,0,,0,,10,,0,,0
Islington 017E,E01002792,5,,0,,0,,20,,0,,0
Islington 017D,E01002714,0,,0,,0,,10,,0,,0
Islington 017A,E01002698,5,,0,,0,,15,,0,,0
Islington 017B,E01002699,0,,0,,0,,5,,0,,0
Islington 017C,E01002700,15,,0,,0,,5,,10,,0
Islington 018A,E01002722,5,,0,,0,,10,,0,,0
Islington 018B,E01002797,0,,0,,0,,5,,0,,0
Islington 018C,E01002798,15,,5,,15,,20,,0,,0
Islington 018D,E01002799,0,,0,,0,,25,,0,,0
Islington 018E,E01002800,0,,0,,0,,0,,0,,0
Islington 019B,E01002697,0,,0,,0,,5,,0,,0
Islington 019E,E01002715,0,,0,,0,,0,,0,,0
Islington 019C,E01002709,0,,0,,0,,5,,0,,0
Islington 019D,E01002710,0,,0,,0,,5,,0,,0
Islington 019A,E01002694,0,,0,,0,,0,,0,,0
Islington 020A,E01002696,75,,0,,0,,45,,10,,0
Islington 020C,E01002801,250,,15,,0,,120,,0,,0
Islington 020D,E01002802,5,,20,,0,,15,,0,,0
Islington 020E,E01002803,60,,0,,10,,100,,0,,0
Islington 020B,E01002794,110,,0,,10,,80,,5,,0
Islington 021B,E01002711,10,,0,,125,,450,,0,,0
Islington 021C,E01002727,0,,0,,0,,75,,0,,1000
Islington 021D,E01002728,25,,0,,0,,20,,0,,0
Islington 021E,E01002729,40,,0,,0,,5,,0,,0
Islington 021A,E01002695,5,,0,,0,,30,,5,,0
Islington 022C,E01002723,0,,0,,0,,40,,5,,0
Islington 022D,E01002724,1375,,35,,60,,750,,110,,25
Islington 022E,E01002725,0,,0,,0,,0,,0,,0
Islington 022F,E01002726,375,,5,,10,,400,,5,,0
Islington 022A,E01002705,200,,50,,90,,600,,70,,15
Islington 022B,E01002707,0,,0,,10,,100,,0,,20
Islington 023E,E01002706,10,,0,,0,,90,,400,,0
Islington 023A,E01002701,10,,0,,25,,60,,0,,0
Islington 023B,E01002702,25,,0,,175,,50,,15,,0
Islington 023C,E01002703,15,,0,,0,,5,,0,,0
Islington 023D,E01002704,110,,5,,9000,,3000,,3500,,250
Kensington and Chelsea 001A,E01002852,40,,10,,5,,10,,0,,0
Kensington and Chelsea 001B,E01002853,0,,0,,0,,0,,0,,0
Kensington and Chelsea 001C,E01002854,30,,0,,0,,35,,5,,25
Kensington and Chelsea 001D,E01002855,5,,0,,0,,5,,0,,0
Kensington and Chelsea 001E,E01002857,5,,0,,0,,0,,0,,0
Kensington and Chelsea 002A,E01002904,0,,0,,0,,0,,0,,0
Kensington and Chelsea 002B,E01002905,5,,0,,0,,0,,0,,0
Kensington and Chelsea 002C,E01002906,35,,5,,0,,40,,0,,0
Kensington and Chelsea 002D,E01002907,0,,0,,0,,0,,0,,0
Kensington and Chelsea 003D,E01002908,10,,0,,0,,5,,0,,0
Kensington and Chelsea 003E,E01002909,10,,0,,5,,5,,0,,0
Kensington and Chelsea 003A,E01002876,30,,5,,0,,5,,0,,0
Kensington and Chelsea 003B,E01002877,30,,0,,0,,0,,0,,0
Kensington and Chelsea 003C,E01002878,10,,0,,0,,10,,0,,0
Kensington and Chelsea 004E,E01002856,30,,0,,0,,5,,0,,0
Kensington and Chelsea 004A,E01002829,10,,0,,0,,10,,0,,0
Kensington and Chelsea 004B,E01002830,10,,20,,0,,5,,0,,0
Kensington and Chelsea 004C,E01002831,25,,0,,0,,0,,0,,0
Kensington and Chelsea 004D,E01002832,10,,0,,0,,10,,0,,0
Kensington and Chelsea 005C,E01002879,5,,0,,0,,5,,75,,0
Kensington and Chelsea 005D,E01002880,0,,0,,0,,0,,0,,0
Kensington and Chelsea 005E,E01002881,5,,0,,0,,10,,0,,0
Kensington and Chelsea 005A,E01002870,40,,0,,10,,20,,0,,0
Kensington and Chelsea 005B,E01002872,50,,0,,0,,5,,0,,0
Kensington and Chelsea 006A,E01002882,5,,0,,0,,5,,0,,0
Kensington and Chelsea 006B,E01002883,35,,0,,0,,15,,0,,0
Kensington and Chelsea 006C,E01002884,0,,0,,5,,10,,0,,0
Kensington and Chelsea 006D,E01002885,5,,0,,0,,10,,0,,0
Kensington and Chelsea 006E,E01002886,10,,0,,5,,15,,0,,0
Kensington and Chelsea 007C,E01002873,0,,0,,0,,5,,0,,0
Kensington and Chelsea 007D,E01002874,10,,0,,0,,10,,0,,0
Kensington and Chelsea 007E,E01002875,5,,0,,0,,0,,0,,0
Kensington and Chelsea 007B,E01002871,10,,0,,0,,10,,0,,0
Kensington and Chelsea 007A,E01002833,5,,0,,0,,10,,0,,0
Kensington and Chelsea 008A,E01002824,10,,5,,0,,5,,0,,0
Kensington and Chelsea 008B,E01002825,0,,0,,0,,5,,0,,0
Kensington and Chelsea 008C,E01002826,160,,0,,10,,15,,0,,0
Kensington and Chelsea 008D,E01002827,70,,0,,0,,45,,15,,0
Kensington and Chelsea 008E,E01002828,80,,0,,0,,25,,0,,0
Kensington and Chelsea 009A,E01002864,0,,0,,0,,5,,0,,0
Kensington and Chelsea 009B,E01002866,5,,0,,0,,30,,0,,0
Kensington and Chelsea 009C,E01002867,900,,0,,0,,15,,0,,0
Kensington and Chelsea 009D,E01002868,0,,5,,0,,10,,0,,0
Kensington and Chelsea 009E,E01002869,0,,0,,0,,5,,0,,0
Kensington and Chelsea 010A,E01002887,0,,0,,5,,10,,5,,0
Kensington and Chelsea 010B,E01002889,600,,0,,0,,200,,0,,5
Kensington and Chelsea 010C,E01002890,0,,0,,5,,10,,0,,0
Kensington and Chelsea 010D,E01002891,0,,0,,0,,0,,0,,0
Kensington and Chelsea 010E,E01002892,5,,0,,0,,5,,0,,0
Kensington and Chelsea 011E,E01002865,0,,0,,0,,10,,0,,0
Kensington and Chelsea 011B,E01002815,5,,0,,0,,10,,0,,0
Kensington and Chelsea 011C,E01002816,0,,0,,0,,75,,10,,0
Kensington and Chelsea 011D,E01002817,45,,0,,5,,5,,0,,0
Kensington and Chelsea 011A,E01002813,5,,0,,0,,0,,0,,0
Kensington and Chelsea 012A,E01002818,45,,0,,0,,30,,5,,0
Kensington and Chelsea 012B,E01002819,15,,0,,15,,35,,0,,0
Kensington and Chelsea 012E,E01002863,5,,0,,0,,5,,0,,0
Kensington and Chelsea 012C,E01002859,0,,0,,0,,0,,0,,0
Kensington and Chelsea 012D,E01002860,5,,5,,50,,25,,0,,0
Kensington and Chelsea 013D,E01002850,5,,0,,0,,0,,0,,0
Kensington and Chelsea 013E,E01002888,30,,0,,0,,15,,0,,0
Kensington and Chelsea 013A,E01002812,0,,0,,0,,10,,0,,0
Kensington and Chelsea 013C,E01002839,5,,0,,0,,20,,5,,0
Kensington and Chelsea 013B,E01002834,0,,0,,0,,5,,0,,0
Kensington and Chelsea 014B,E01002823,0,,0,,0,,0,,0,,0
Kensington and Chelsea 014A,E01002821,5,,0,,0,,40,,0,,0
Kensington and Chelsea 014C,E01002858,30,,0,,0,,200,,0,,0
Kensington and Chelsea 014D,E01002861,5,,0,,10,,0,,0,,0
Kensington and Chelsea 014E,E01002862,0,,0,,0,,10,,0,,0
Kensington and Chelsea 015D,E01002851,15,,0,,0,,5,,0,,0
Kensington and Chelsea 015B,E01002847,0,,0,,0,,5,,10,,0
Kensington and Chelsea 015C,E01002848,0,,0,,0,,5,,0,,0
Kensington and Chelsea 015A,E01002814,5,,0,,0,,5,,0,,0
Kensington and Chelsea 016B,E01002822,0,,0,,0,,0,,0,,0
Kensington and Chelsea 016A,E01002820,0,,0,,0,,5,,0,,0
Kensington and Chelsea 016C,E01002835,0,,0,,45,,10,,0,,0
Kensington and Chelsea 016D,E01002836,0,,0,,0,,5,,0,,0
Kensington and Chelsea 016E,E01002837,5,,0,,0,,10,,0,,100
Kensington and Chelsea 017B,E01002849,0,,0,,0,,15,,0,,0
Kensington and Chelsea 017A,E01002846,0,,0,,0,,10,,0,,0
Kensington and Chelsea 017C,E01002893,0,,0,,0,,10,,10,,0
Kensington and Chelsea 017D,E01002894,0,,0,,0,,10,,0,,0
Kensington and Chelsea 017E,E01002898,0,,0,,0,,15,,0,,0
Kensington and Chelsea 018A,E01002899,0,,0,,0,,0,,0,,0
Kensington and Chelsea 018B,E01002900,5,,0,,0,,5,,0,,0
Kensington and Chelsea 018C,E01002901,0,,0,,0,,0,,0,,0
Kensington and Chelsea 018D,E01002902,5,,5,,0,,0,,0,,0
Kensington and Chelsea 018E,E01002903,0,,0,,0,,5,,5,,0
Kensington and Chelsea 019E,E01002914,20,,0,,0,,10,,0,,10
Kensington and Chelsea 019C,E01002910,5,,0,,0,,5,,0,,250
Kensington and Chelsea 019D,E01002911,10,,0,,0,,5,,0,,0
Kensington and Chelsea 019A,E01002844,25,,0,,0,,10,,0,,5
Kensington and Chelsea 019B,E01002845,0,,0,,0,,0,,0,,0
Kensington and Chelsea 020E,E01002912,0,,0,,0,,5,,0,,0
Kensington and Chelsea 020B,E01002895,40,,0,,5,,0,,0,,0
Kensington and Chelsea 020C,E01002896,5,,0,,0,,10,,0,,0
Kensington and Chelsea 020D,E01002897,0,,0,,0,,5,,0,,0
Kensington and Chelsea 020A,E01002838,15,,0,,0,,5,,0,,0
Kensington and Chelsea 021A,E01002840,0,,0,,0,,10,,0,,0
Kensington and Chelsea 021B,E01002841,20,,0,,0,,30,,0,,5
Kensington and Chelsea 021C,E01002842,0,,0,,0,,0,,0,,0
Kensington and Chelsea 021D,E01002843,10,,25,,0,,45,,5,,0
Kensington and Chelsea 021E,E01002913,0,,0,,0,,5,,0,,0
Lambeth 001D,E01003016,1750,,5,,0,,3000,,0,,0
Lambeth 001E,E01003017,30,,0,,0,,200,,60,,40
Lambeth 001A,E01003012,5,,0,,175,,275,,0,,5
Lambeth 001B,E01003013,90,,0,,5,,30,,0,,0
Lambeth 001C,E01003014,20,,0,,0,,5,,0,,0
Lambeth 002A,E01003015,5,,0,,0,,10,,0,,0
Lambeth 002C,E01003110,0,,0,,0,,10,,0,,0
Lambeth 002D,E01003111,0,,0,,0,,0,,0,,0
Lambeth 002E,E01003112,35,,0,,0,,120,,5,,0
Lambeth 002B,E01003108,0,,0,,0,,5,,0,,0
Lambeth 003E,E01003109,0,,0,,0,,100,,0,,30
Lambeth 003A,E01003101,0,,0,,0,,5,,0,,0
Lambeth 003B,E01003105,0,,0,,0,,5,,0,,0
Lambeth 003C,E01003106,20,,0,,20,,5,,0,,0
Lambeth 003D,E01003107,10,,0,,0,,10,,5,,0
Lambeth 004A,E01003102,25,,0,,0,,120,,0,,0
Lambeth 004B,E01003103,20,,100,,500,,900,,0,,40
Lambeth 004C,E01003104,0,,0,,0,,5,,0,,0
Lambeth 004D,E01003122,0,,0,,0,,10,,0,,0
Lambeth 004E,E01003129,5,,0,,0,,10,,10,,0
Lambeth 005A,E01003098,0,,0,,0,,5,,0,,0
Lambeth 005B,E01003099,0,,0,,0,,15,,0,,0
Lambeth 005C,E01003100,0,,0,,0,,10,,0,,0
Lambeth 005E,E01003183,5,,0,,40,,10,,0,,0
Lambeth 005D,E01003180,0,,0,,0,,5,,0,,0
Lambeth 006A,E01003097,0,,0,,0,,0,,0,,0
Lambeth 006C,E01003123,5,,5,,0,,10,,0,,0
Lambeth 006D,E01003124,0,,0,,0,,5,,0,,0
Lambeth 006E,E01003125,0,,0,,0,,0,,0,,0
Lambeth 006B,E01003121,0,,0,,0,,5,,0,,0
Lambeth 007A,E01003181,0,,0,,0,,5,,0,,0
Lambeth 007B,E01003184,0,,0,,0,,0,,0,,0
Lambeth 007C,E01003185,0,,0,,0,,5,,0,,0
Lambeth 007D,E01003186,10,,0,,0,,10,,0,,0
Lambeth 007E,E01003187,0,,0,,0,,0,,0,,0
Lambeth 008E,E01003128,0,,0,,0,,5,,0,,0
Lambeth 008D,E01003126,0,,0,,0,,5,,0,,0
Lambeth 008A,E01003089,0,,0,,0,,0,,0,,0
Lambeth 008B,E01003091,0,,0,,0,,5,,0,,0
Lambeth 008C,E01003092,0,,0,,0,,10,,0,,0
Lambeth 009E,E01003188,0,,0,,0,,0,,0,,0
Lambeth 009D,E01003182,5,,0,,0,,10,,0,,0
Lambeth 009A,E01003046,0,,0,,0,,0,,0,,0
Lambeth 009B,E01003048,0,,0,,0,,0,,0,,0
Lambeth 009C,E01003075,0,,0,,0,,0,,0,,0
Lambeth 010B,E01003093,0,,0,,0,,0,,0,,0
Lambeth 010C,E01003094,0,,0,,0,,0,,0,,0
Lambeth 010D,E01003096,0,,0,,0,,10,,0,,0
Lambeth 010A,E01003088,5,,0,,0,,0,,0,,0
Lambeth 010E,E01003127,0,,0,,0,,5,,0,,0
Lambeth 011C,E01003049,0,,0,,75,,5,,0,,0
Lambeth 011B,E01003047,15,,0,,10,,5,,0,,0
Lambeth 011A,E01003045,0,,0,,5,,0,,0,,0
Lambeth 011D,E01003059,5,,0,,0,,0,,0,,0
Lambeth 011E,E01003060,0,,0,,0,,0,,0,,0
Lambeth 011F,E01003061,5,,0,,0,,0,,0,,0
Lambeth 012A,E01003034,5,,0,,0,,5,,0,,0
Lambeth 012B,E01003035,5,,10,,0,,20,,5,,0
Lambeth 012C,E01003036,5,,0,,0,,5,,0,,0
Lambeth 012D,E01003090,0,,0,,0,,25,,0,,0
Lambeth 012E,E01003095,20,,0,,0,,10,,0,,0
Lambeth 013A,E01003037,0,,0,,0,,50,,0,,0
Lambeth 013B,E01003038,10,,0,,0,,40,,10,,0
Lambeth 013C,E01003039,45,,0,,5,,200,,125,,0
Lambeth 013D,E01003040,5,,0,,0,,10,,0,,0
Lambeth 013E,E01003042,0,,0,,0,,10,,0,,0
Lambeth 014C,E01003076,0,,0,,0,,5,,0,,0
Lambeth 014D,E01003077,0,,0,,0,,15,,0,,0
Lambeth 014E,E01003078,5,,0,,0,,5,,0,,0
Lambeth 014A,E01003072,5,,5,,0,,5,,0,,0
Lambeth 014B,E01003073,0,,0,,0,,5,,0,,0
Lambeth 015E,E01003058,5,,0,,0,,10,,5,,0
Lambeth 015B,E01003053,5,,0,,0,,25,,0,,0
Lambeth 015C,E01003054,15,,0,,0,,20,,0,,0
Lambeth 015D,E01003056,5,,0,,0,,15,,0,,0
Lambeth 015A,E01003019,5,,0,,0,,10,,0,,0
Lambeth 016A,E01003020,5,,0,,0,,10,,0,,0
Lambeth 016D,E01003055,35,,0,,0,,30,,0,,0
Lambeth 016B,E01003050,5,,0,,0,,5,,0,,0
Lambeth 016C,E01003052,0,,0,,0,,0,,0,,0
Lambeth 016E,E01003176,0,,0,,0,,0,,0,,0
Lambeth 017D,E01003057,0,,0,,0,,5,,0,,0
Lambeth 017B,E01003032,0,,0,,0,,5,,0,,0
Lambeth 017A,E01003029,5,,0,,0,,35,,0,,0
Lambeth 017C,E01003041,0,,0,,0,,0,,0,,0
Lambeth 018A,E01003043,100,,0,,0,,5,,0,,0
Lambeth 018B,E01003044,0,,0,,0,,0,,0,,0
Lambeth 018C,E01003051,10,,0,,0,,5,,0,,0
Lambeth 018E,E01003074,10,,0,,0,,10,,0,,0
Lambeth 018D,E01003071,15,,0,,0,,20,,0,,0
Lambeth 019E,E01003033,0,,0,,0,,10,,0,,0
Lambeth 019D,E01003030,5,,0,,0,,15,,0,,0
Lambeth 019A,E01003026,5,,0,,0,,20,,0,,0
Lambeth 019B,E01003027,5,,0,,0,,10,,0,,0
Lambeth 019C,E01003028,5,,0,,0,,5,,0,,0
Lambeth 020A,E01003018,10,,0,,0,,5,,0,,0
Lambeth 020D,E01003177,0,,0,,0,,0,,0,,0
Lambeth 020E,E01003178,5,,0,,0,,5,,0,,0
Lambeth 020B,E01003171,5,,0,,0,,5,,0,,0
Lambeth 020C,E01003173,5,,0,,0,,10,,0,,0
Lambeth 021A,E01003021,0,,0,,0,,0,,0,,0
Lambeth 021B,E01003022,5,,0,,0,,5,,0,,0
Lambeth 021C,E01003023,5,,0,,0,,5,,0,,0
Lambeth 021D,E01003024,0,,0,,0,,5,,0,,0
Lambeth 021E,E01003025,0,,0,,0,,0,,0,,0
Lambeth 022E,E01003162,0,,0,,0,,0,,0,,0
Lambeth 022C,E01003159,0,,0,,0,,5,,0,,0
Lambeth 022D,E01003160,0,,0,,0,,0,,0,,0
Lambeth 022A,E01003136,5,,0,,0,,0,,0,,0
Lambeth 022B,E01003137,0,,0,,0,,5,,0,,0
Lambeth 023B,E01003156,5,,0,,0,,5,,0,,0
Lambeth 023C,E01003157,5,,0,,0,,10,,0,,0
Lambeth 023D,E01003158,5,,0,,0,,15,,0,,0
Lambeth 023E,E01003161,5,,0,,0,,10,,0,,0
Lambeth 023F,E01003163,0,,0,,0,,5,,0,,0
Lambeth 023A,E01003031,0,,0,,0,,10,,0,,0
Lambeth 024C,E01003174,0,,0,,0,,0,,0,,0
Lambeth 024D,E01003175,0,,0,,0,,5,,0,,0
Lambeth 024B,E01003172,0,,0,,0,,0,,0,,0
Lambeth 024E,E01003179,0,,0,,0,,5,,0,,0
Lambeth 024A,E01003132,0,,0,,0,,0,,0,,0
Lambeth 025A,E01003164,5,,0,,0,,5,,0,,0
Lambeth 025B,E01003165,10,,0,,0,,5,,0,,0
Lambeth 025C,E01003168,0,,0,,0,,5,,0,,0
Lambeth 025D,E01003169,10,,0,,0,,5,,0,,0
Lambeth 025E,E01003170,0,,5,,0,,10,,0,,0
Lambeth 026A,E01003130,0,,0,,0,,15,,0,,0
Lambeth 026B,E01003131,5,,0,,0,,0,,0,,0
Lambeth 026D,E01003138,0,,0,,0,,10,,0,,0
Lambeth 026E,E01003151,0,,0,,5,,0,,0,,0
Lambeth 026C,E01003135,5,,0,,0,,5,,0,,0
Lambeth 027E,E01003152,5,,0,,0,,5,,0,,0
Lambeth 027C,E01003133,5,,0,,0,,20,,0,,0
Lambeth 027D,E01003134,0,,0,,0,,5,,0,,0
Lambeth 027A,E01003079,0,,0,,0,,0,,0,,0
Lambeth 027B,E01003080,5,,0,,0,,0,,0,,0
Lambeth 028C,E01003081,0,,0,,0,,10,,0,,0
Lambeth 028A,E01003064,0,,0,,0,,15,,0,,0
Lambeth 028B,E01003066,5,,0,,0,,5,,0,,0
Lambeth 028D,E01003166,0,,0,,0,,15,,0,,0
Lambeth 028E,E01003167,0,,0,,0,,15,,0,,0
Lambeth 029D,E01003153,45,,0,,0,,10,,0,,0
Lambeth 029E,E01003155,0,,0,,0,,5,,0,,0
Lambeth 029A,E01003116,5,,0,,0,,10,,0,,5
Lambeth 029B,E01003117,5,,0,,0,,30,,0,,0
Lambeth 029C,E01003118,0,,0,,0,,10,,0,,0
Lambeth 030A,E01003083,0,,0,,0,,5,,0,,0
Lambeth 030B,E01003084,10,,0,,0,,5,,0,,0
Lambeth 030C,E01003085,0,,0,,0,,10,,0,,0
Lambeth 030E,E01003154,0,,0,,0,,5,,0,,0
Lambeth 030D,E01003149,5,,0,,0,,10,,0,,0
Lambeth 031D,E01003086,0,,0,,0,,0,,0,,0
Lambeth 031E,E01003087,0,,0,,0,,0,,0,,0
Lambeth 031B,E01003068,0,,0,,0,,5,,0,,0
Lambeth 031A,E01003065,0,,0,,0,,5,,0,,0
Lambeth 031C,E01003082,0,,0,,0,,5,,0,,0
Lambeth 032C,E01003119,5,,0,,5,,5,,0,,0
Lambeth 032D,E01003120,0,,0,,0,,10,,0,,0
Lambeth 032A,E01003113,0,,0,,0,,5,,0,,0
Lambeth 032B,E01003114,5,,0,,0,,30,,0,,0
Lambeth 032F,E01003150,0,,0,,0,,5,,0,,0
Lambeth 032E,E01003148,5,,0,,0,,10,,0,,0
Lambeth 033D,E01003069,0,,0,,0,,0,,0,,0
Lambeth 033E,E01003070,0,,0,,0,,5,,0,,0
Lambeth 033C,E01003067,0,,0,,0,,10,,0,,0
Lambeth 033A,E01003062,0,,0,,0,,10,,0,,0
Lambeth 033B,E01003063,0,,0,,0,,0,,0,,0
Lambeth 034E,E01003147,0,,0,,0,,15,,0,,0
Lambeth 034B,E01003141,5,,0,,0,,10,,0,,0
Lambeth 034C,E01003144,0,,0,,0,,10,,0,,0
Lambeth 034D,E01003145,0,,0,,0,,0,,0,,0
Lambeth 034A,E01003115,0,,0,,0,,0,,0,,0
Lambeth 035E,E01003146,0,,0,,0,,0,,0,,0
Lambeth 035C,E01003142,0,,0,,0,,0,,0,,0
Lambeth 035D,E01003143,0,,0,,0,,0,,0,,0
Lambeth 035A,E01003139,0,,0,,0,,5,,0,,0
Lambeth 035B,E01003140,0,,0,,0,,5,,0,,0
Lewisham 001D,E01003249,0,,0,,0,,5,,0,,0
Lewisham 001E,E01003250,5,,0,,0,,10,,5,,0
Lewisham 001A,E01003244,0,,0,,0,,5,,0,,0
Lewisham 001B,E01003245,0,,0,,0,,0,,0,,0
Lewisham 001C,E01003247,0,,0,,0,,15,,0,,0
Lewisham 002B,E01003248,0,,0,,0,,5,,0,,0
Lewisham 002A,E01003246,0,,0,,0,,5,,0,,0
Lewisham 002C,E01003251,0,,0,,0,,0,,0,,0
Lewisham 002D,E01003252,0,,0,,0,,0,,0,,0
Lewisham 002E,E01003253,5,,0,,0,,0,,0,,0
Lewisham 003A,E01003297,0,,0,,0,,5,,0,,0
Lewisham 003C,E01003301,0,,0,,0,,5,,0,,0
Lewisham 003D,E01003302,0,,0,,0,,0,,0,,0
Lewisham 003E,E01003305,0,,0,,0,,5,,0,,0
Lewisham 003B,E01003299,0,,0,,0,,5,,0,,0
Lewisham 004B,E01003300,0,,0,,0,,5,,0,,0
Lewisham 004E,E01003306,5,,0,,0,,0,,0,,5
Lewisham 004C,E01003303,0,,0,,0,,0,,0,,0
Lewisham 004D,E01003304,0,,0,,0,,0,,0,,0
Lewisham 004A,E01003298,0,,0,,0,,0,,0,,0
Lewisham 005A,E01003207,0,,0,,5,,0,,0,,0
Lewisham 005B,E01003209,0,,0,,0,,5,,0,,0
Lewisham 005C,E01003210,0,,0,,0,,10,,0,,0
Lewisham 005D,E01003212,5,,0,,0,,5,,0,,0
Lewisham 005E,E01003215,0,,5,,0,,5,,0,,0
Lewisham 006A,E01003338,0,,0,,0,,0,,0,,0
Lewisham 006B,E01003339,0,,0,,0,,5,,0,,0
Lewisham 006C,E01003340,0,,0,,0,,5,,0,,0
Lewisham 006D,E01003341,0,,0,,0,,0,,0,,0
Lewisham 006E,E01003343,0,,0,,0,,5,,0,,0
Lewisham 007B,E01003201,0,,0,,0,,10,,0,,0
Lewisham 007C,E01003204,5,,0,,0,,10,,0,,0
Lewisham 007D,E01003205,0,,0,,0,,0,,0,,0
Lewisham 007E,E01003206,5,,0,,0,,10,,0,,0
Lewisham 007A,E01003199,0,,0,,100,,30,,0,,0
Lewisham 008B,E01003211,0,,0,,0,,10,,0,,0
Lewisham 008A,E01003208,0,,0,,0,,25,,0,,0
Lewisham 008C,E01003213,5,,0,,0,,10,,0,,0
Lewisham 008D,E01003214,0,,0,,0,,5,,0,,0
Lewisham 009C,E01003202,0,,5,,0,,10,,0,,0
Lewisham 009D,E01003203,0,,0,,0,,10,,0,,0
Lewisham 009A,E01003198,5,,0,,0,,5,,0,,0
Lewisham 009B,E01003200,5,,0,,0,,35,,0,,0
Lewisham 010D,E01003344,0,,0,,0,,5,,0,,0
Lewisham 010E,E01003345,5,,0,,0,,5,,0,,0
Lewisham 010C,E01003342,5,,0,,0,,5,,0,,0
Lewisham 010A,E01003336,0,,0,,0,,5,,0,,0
Lewisham 010B,E01003337,0,,0,,0,,0,,0,,0
Lewisham 011A,E01003273,0,,0,,0,,5,,0,,0
Lewisham 011B,E01003277,0,,0,,0,,5,,0,,0
Lewisham 011C,E01003278,0,,0,,0,,5,,0,,0
Lewisham 011D,E01003279,0,,0,,0,,5,,0,,0
Lewisham 012E,E01003296,0,,0,,10,,35,,0,,0
Lewisham 012A,E01003288,0,,0,,0,,5,,0,,0
Lewisham 012B,E01003289,5,,0,,25,,5,,0,,0
Lewisham 012C,E01003290,0,,0,,0,,5,,0,,0
Lewisham 012D,E01003291,0,,0,,0,,0,,0,,0
Lewisham 013D,E01003286,0,,0,,0,,5,,0,,0
Lewisham 013A,E01003282,0,,0,,0,,10,,0,,0
Lewisham 013B,E01003283,0,,0,,0,,10,,0,,0
Lewisham 013C,E01003284,5,,0,,0,,10,,0,,0
Lewisham 014A,E01003272,0,,0,,0,,25,,0,,0
Lewisham 014B,E01003274,0,,0,,0,,0,,0,,0
Lewisham 014C,E01003275,0,,0,,0,,5,,0,,0
Lewisham 014D,E01003276,0,,0,,0,,5,,0,,0
Lewisham 015A,E01003225,0,,0,,0,,5,,0,,0
Lewisham 015B,E01003231,0,,0,,0,,10,,0,,0
Lewisham 015C,E01003232,0,,0,,0,,5,,0,,0
Lewisham 015D,E01003233,0,,0,,0,,5,,0,,0
Lewisham 016A,E01003280,0,,0,,0,,0,,0,,0
Lewisham 016B,E01003281,0,,0,,0,,10,,0,,0
Lewisham 016C,E01003285,0,,0,,0,,25,,0,,0
Lewisham 016D,E01003287,0,,0,,0,,10,,0,,0
Lewisham 017A,E01003292,0,,0,,0,,10,,0,,0
Lewisham 017B,E01003293,5,,0,,0,,5,,0,,0
Lewisham 017C,E01003294,0,,0,,0,,10,,0,,0
Lewisham 017D,E01003295,0,,0,,20,,15,,0,,0
Lewisham 018A,E01003319,0,,0,,0,,0,,0,,0
Lewisham 018B,E01003320,0,,0,,0,,5,,0,,0
Lewisham 018C,E01003323,0,,0,,0,,5,,0,,0
Lewisham 018D,E01003325,0,,0,,0,,5,,0,,0
Lewisham 019A,E01003226,0,,0,,0,,10,,0,,0
Lewisham 019B,E01003227,5,,0,,0,,10,,0,,0
Lewisham 019C,E01003228,0,,0,,0,,15,,0,,0
Lewisham 019D,E01003229,0,,0,,0,,5,,0,,0
Lewisham 019E,E01003230,5,,0,,0,,0,,0,,0
Lewisham 020E,E01003324,0,,0,,0,,0,,0,,0
Lewisham 020A,E01003317,0,,0,,0,,5,,0,,0
Lewisham 020B,E01003318,0,,0,,0,,0,,0,,0
Lewisham 020C,E01003321,0,,0,,0,,5,,0,,0
Lewisham 020D,E01003322,0,,0,,0,,5,,0,,0
Lewisham 021A,E01003254,5,,0,,0,,10,,0,,0
Lewisham 021B,E01003255,10,,0,,0,,10,,0,,0
Lewisham 021C,E01003260,5,,0,,0,,10,,0,,0
Lewisham 021D,E01003261,0,,5,,0,,10,,0,,0
Lewisham 021E,E01003262,0,,0,,0,,10,,0,,0
Lewisham 022E,E01003224,0,,0,,0,,5,,0,,0
Lewisham 022D,E01003222,0,,0,,0,,10,,0,,0
Lewisham 022A,E01003217,0,,0,,0,,5,,0,,0
Lewisham 022B,E01003218,0,,0,,0,,5,,0,,0
Lewisham 022C,E01003220,0,,0,,0,,5,,0,,0
Lewisham 023A,E01003263,0,,0,,0,,5,,0,,0
Lewisham 023B,E01003268,0,,0,,0,,0,,0,,0
Lewisham 023C,E01003269,0,,0,,0,,5,,0,,0
Lewisham 023D,E01003270,0,,0,,0,,0,,0,,0
Lewisham 023E,E01003271,0,,0,,0,,5,,0,,0
Lewisham 024A,E01003307,0,,0,,0,,5,,0,,0
Lewisham 024B,E01003308,0,,0,,0,,0,,0,,0
Lewisham 024C,E01003314,0,,5,,0,,5,,0,,0
Lewisham 024D,E01003315,0,,0,,0,,5,,0,,0
Lewisham 024E,E01003316,5,,0,,0,,5,,0,,0
Lewisham 025C,E01003221,0,,0,,0,,5,,0,,0
Lewisham 025B,E01003219,0,,0,,0,,5,,0,,0
Lewisham 025A,E01003216,0,,0,,0,,15,,0,,0
Lewisham 025D,E01003223,0,,0,,0,,10,,0,,0
Lewisham 026A,E01003346,0,,0,,0,,0,,0,,0
Lewisham 026B,E01003349,0,,0,,0,,5,,0,,0
Lewisham 026C,E01003351,0,,0,,0,,0,,0,,0
Lewisham 026D,E01003354,0,,0,,0,,5,,0,,0
Lewisham 027A,E01003309,5,,0,,0,,0,,0,,0
Lewisham 027B,E01003310,0,,0,,0,,0,,0,,0
Lewisham 027C,E01003311,0,,0,,0,,5,,0,,0
Lewisham 027D,E01003312,0,,0,,0,,5,,0,,0
Lewisham 027E,E01003313,0,,0,,0,,0,,0,,0
Lewisham 028A,E01003256,0,,0,,0,,10,,0,,0
Lewisham 028B,E01003257,0,,0,,0,,5,,0,,0
Lewisham 028C,E01003258,0,,0,,0,,5,,0,,0
Lewisham 028D,E01003259,0,,0,,0,,10,,0,,0
Lewisham 029A,E01003193,0,,0,,0,,0,,0,,0
Lewisham 029B,E01003194,0,,0,,0,,5,,0,,0
Lewisham 029C,E01003195,0,,0,,0,,0,,0,,0
Lewisham 029D,E01003196,0,,0,,0,,5,,0,,0
Lewisham 029E,E01003197,0,,0,,0,,0,,0,,0
Lewisham 030D,E01003352,0,,0,,0,,0,,0,,0
Lewisham 030E,E01003353,0,,0,,0,,5,,0,,0
Lewisham 030C,E01003350,0,,0,,0,,0,,0,,0
Lewisham 030A,E01003347,0,,0,,0,,0,,0,,0
Lewisham 030B,E01003348,0,,0,,0,,0,,0,,0
Lewisham 031A,E01003264,0,,0,,0,,0,,0,,0
Lewisham 031B,E01003265,0,,0,,0,,5,,0,,0
Lewisham 031C,E01003266,0,,0,,0,,0,,0,,0
Lewisham 031D,E01003267,0,,0,,0,,0,,0,,0
Lewisham 032E,E01003242,0,,0,,0,,0,,0,,0
Lewisham 032A,E01003236,0,,0,,0,,0,,0,,0
Lewisham 032B,E01003237,0,,0,,0,,5,,0,,0
Lewisham 032C,E01003238,0,,0,,0,,5,,0,,0
Lewisham 032D,E01003239,0,,0,,0,,5,,0,,0
Lewisham 033E,E01003334,5,,0,,0,,0,,0,,0
Lewisham 033A,E01003329,0,,0,,0,,10,,0,,0
Lewisham 033B,E01003330,0,,0,,0,,0,,0,,0
Lewisham 033C,E01003331,0,,0,,0,,0,,0,,0
Lewisham 033D,E01003332,0,,0,,0,,5,,0,,0
Lewisham 034A,E01003189,0,,0,,0,,0,,0,,0
Lewisham 034B,E01003190,0,,0,,5,,45,,0,,0
Lewisham 034C,E01003191,0,,0,,0,,0,,0,,0
Lewisham 034D,E01003192,0,,0,,0,,0,,0,,0
Lewisham 035D,E01003333,0,,0,,0,,0,,0,,0
Lewisham 035E,E01003335,0,,0,,0,,0,,0,,0
Lewisham 035A,E01003326,0,,0,,0,,10,,0,,0
Lewisham 035B,E01003327,0,,0,,0,,5,,0,,0
Lewisham 035C,E01003328,0,,0,,0,,5,,0,,0
Lewisham 036E,E01003243,0,,0,,0,,0,,0,,0
Lewisham 036C,E01003240,0,,0,,0,,0,,0,,0
Lewisham 036D,E01003241,0,,0,,0,,5,,0,,0
Lewisham 036A,E01003234,0,,0,,0,,5,,0,,0
Lewisham 036B,E01003235,0,,0,,0,,5,,0,,0
Newham 001A,E01003543,0,,0,,0,,5,,0,,0
Newham 001B,E01003544,0,,0,,0,,0,,0,,0
Newham 001C,E01003546,0,,0,,0,,5,,0,,0
Newham 001D,E01003550,0,,0,,0,,5,,0,,0
Newham 002A,E01003576,0,,0,,0,,0,,0,,0
Newham 002B,E01003581,0,,0,,0,,0,,0,,0
Newham 002C,E01003582,0,,0,,0,,0,,0,,0
Newham 002D,E01003583,0,,0,,0,,0,,0,,0
Newham 003B,E01003584,0,,0,,0,,10,,0,,0
Newham 003A,E01003578,0,,0,,0,,0,,0,,0
Newham 003C,E01003586,0,,0,,0,,0,,0,,0
Newham 003D,E01003590,0,,0,,0,,0,,0,,0
Newham 004D,E01003591,0,,0,,0,,0,,0,,0
Newham 004C,E01003587,0,,0,,0,,15,,0,,0
Newham 004A,E01003579,0,,0,,0,,0,,0,,0
Newham 004B,E01003585,0,,0,,0,,0,,0,,0
Newham 005D,E01003580,0,,0,,0,,0,,0,,0
Newham 005C,E01003577,0,,0,,0,,5,,0,,0
Newham 005B,E01003575,0,,0,,0,,5,,0,,0
Newham 005A,E01003528,0,,0,,0,,5,,0,,0
Newham 006B,E01003548,0,,0,,0,,5,,0,,0
Newham 006C,E01003549,0,,0,,0,,0,,0,,0
Newham 006A,E01003545,0,,0,,0,,5,,0,,0
Newham 006D,E01003557,0,,0,,0,,0,,0,,0
Newham 007B,E01003555,0,,0,,0,,5,,0,,0
Newham 007C,E01003561,0,,0,,0,,0,,0,,0
Newham 007D,E01003567,0,,5,,0,,0,,0,,0
Newham 007A,E01003547,0,,0,,0,,5,,0,,0
Newham 008C,E01003570,0,,0,,0,,5,,0,,0
Newham 008D,E01003571,0,,0,,0,,0,,0,,0
Newham 008E,E01003572,0,,0,,0,,0,,0,,0
Newham 008A,E01003556,0,,0,,0,,0,,0,,0
Newham 008B,E01003558,0,,0,,0,,0,,0,,0
Newham 009D,E01003559,0,,0,,0,,10,,0,,0
Newham 009A,E01003551,0,,0,,0,,5,,0,,0
Newham 009B,E01003553,0,,0,,0,,5,,0,,0
Newham 009C,E01003554,0,,0,,0,,10,,0,,0
Newham 010E,E01003534,0,,0,,0,,5,,0,,0
Newham 010A,E01003529,5,,0,,0,,10,,0,,0
Newham 010B,E01003530,0,,0,,0,,10,,0,,0
Newham 010C,E01003531,0,,0,,0,,15,,0,,0
Newham 010D,E01003532,0,,0,,0,,15,,0,,0
Newham 011A,E01003533,0,,0,,0,,5,,0,,0
Newham 011B,E01003560,0,,0,,0,,0,,0,,0
Newham 011C,E01003563,0,,0,,0,,0,,0,,0
Newham 011D,E01003588,0,,0,,0,,0,,0,,0
Newham 011E,E01003589,0,,0,,0,,5,,0,,0
Newham 012A,E01003616,0,,0,,0,,5,,0,,0
Newham 012B,E01003617,35,,0,,10,,45,,0,,0
Newham 012C,E01003618,0,,0,,0,,15,,0,,0
Newham 012D,E01003619,5,,0,,0,,80,,0,,0
Newham 013D,E01003620,0,,0,,0,,30,,0,,0
Newham 013A,E01003613,190,,0,,10,,20,,0,,0
Newham 013B,E01003614,75,,20,,25,,0,,0,,0
Newham 013C,E01003615,0,,0,,0,,0,,0,,0
Newham 014B,E01003564,0,,0,,0,,5,,0,,0
Newham 014C,E01003565,0,,0,,0,,0,,0,,0
Newham 014D,E01003566,0,,0,,0,,5,,0,,0
Newham 014A,E01003562,0,,0,,0,,5,,0,,0
Newham 015A,E01003625,0,,0,,0,,5,,0,,0
Newham 015B,E01003626,0,,0,,0,,5,,0,,0
Newham 015C,E01003627,0,,0,,0,,15,,0,,0
Newham 015D,E01003628,0,,0,,0,,0,,0,,0
Newham 015E,E01003629,0,,0,,0,,15,,0,,0
Newham 016D,E01003635,0,,0,,0,,5,,0,,0
Newham 016A,E01003552,0,,0,,0,,0,,0,,0
Newham 016B,E01003596,0,,0,,0,,5,,0,,0
Newham 016C,E01003597,0,,0,,0,,0,,0,,0
Newham 017C,E01003573,0,,0,,0,,5,,0,,0
Newham 017D,E01003574,0,,0,,0,,5,,0,,0
Newham 017A,E01003568,0,,0,,0,,5,,0,,0
Newham 017B,E01003569,0,,0,,0,,5,,0,,0
Newham 018A,E01003520,0,,0,,5,,10,,0,,0
Newham 018B,E01003521,0,,0,,0,,5,,0,,0
Newham 018C,E01003522,0,,0,,0,,5,,0,,0
Newham 018D,E01003525,0,,0,,0,,5,,0,,0
Newham 018E,E01003526,0,,0,,0,,5,,0,,0
Newham 019D,E01003524,0,,0,,20,,5,,0,,0
Newham 019A,E01003488,0,,0,,0,,0,,0,,0
Newham 019B,E01003489,0,,0,,5,,0,,0,,0
Newham 019C,E01003490,0,,0,,0,,0,,0,,0
Newham 020E,E01003636,0,,0,,0,,0,,0,,0
Newham 020A,E01003631,0,,0,,0,,5,,0,,0
Newham 020B,E01003632,0,,0,,0,,0,,0,,0
Newham 020C,E01003633,0,,0,,0,,0,,0,,0
Newham 020D,E01003634,0,,0,,0,,0,,0,,0
Newham 021C,E01003630,0,,0,,0,,5,,0,,0
Newham 021D,E01003637,0,,0,,0,,0,,0,,0
Newham 021A,E01003598,0,,0,,0,,0,,0,,0
Newham 021B,E01003600,0,,0,,0,,5,,0,,0
Newham 022C,E01003599,0,,0,,0,,0,,0,,0
Newham 022B,E01003592,0,,0,,0,,0,,0,,0
Newham 022D,E01003606,0,,0,,0,,10,,0,,0
Newham 022A,E01003491,0,,0,,0,,0,,0,,0
Newham 023A,E01003535,0,,0,,0,,0,,0,,0
Newham 023B,E01003536,0,,0,,0,,5,,0,,0
Newham 023C,E01003621,0,,0,,0,,0,,0,,0
Newham 023D,E01003622,0,,0,,0,,5,,0,,0
Newham 023E,E01003623,0,,0,,0,,0,,0,,0
Newham 024E,E01003624,0,,0,,0,,0,,0,,0
Newham 024D,E01003542,0,,0,,5,,0,,0,,0
Newham 024C,E01003537,0,,0,,0,,0,,0,,0
Newham 024B,E01003527,0,,0,,0,,0,,0,,0
Newham 024A,E01003523,0,,0,,0,,10,,0,,0
Newham 025A,E01003492,0,,0,,0,,5,,0,,0
Newham 025B,E01003493,0,,0,,0,,0,,0,,0
Newham 025C,E01003494,0,,0,,0,,5,,0,,0
Newham 025D,E01003495,0,,0,,0,,5,,0,,0
Newham 026D,E01003607,0,,0,,0,,10,,0,,0
Newham 026C,E01003602,0,,0,,0,,5,,0,,0
Newham 026A,E01003594,0,,0,,0,,0,,0,,0
Newham 026B,E01003595,0,,0,,0,,0,,0,,0
Newham 027D,E01003593,0,,0,,0,,10,,0,,0
Newham 027A,E01003496,0,,0,,0,,5,,0,,0
Newham 027B,E01003498,0,,0,,0,,0,,0,,0
Newham 027C,E01003500,0,,0,,0,,70,,0,,0
Newham 028A,E01003601,0,,0,,0,,0,,0,,0
Newham 028B,E01003603,0,,0,,0,,0,,0,,0
Newham 028D,E01003608,0,,0,,0,,5,,0,,0
Newham 028C,E01003605,0,,0,,0,,0,,0,,0
Newham 029A,E01003538,0,,0,,0,,5,,0,,0
Newham 029B,E01003539,0,,0,,0,,0,,0,,0
Newham 029C,E01003540,0,,0,,0,,0,,0,,0
Newham 029D,E01003541,0,,0,,0,,0,,0,,0
Newham 030B,E01003501,0,,0,,0,,0,,0,,0
Newham 030C,E01003502,0,,0,,0,,5,,0,,0
Newham 030D,E01003503,0,,0,,0,,5,,0,,0
Newham 030A,E01003499,0,,0,,0,,5,,0,,0
Newham 031A,E01003507,0,,0,,0,,5,,0,,0
Newham 031B,E01003508,0,,0,,0,,0,,0,,0
Newham 031C,E01003509,0,,0,,0,,0,,0,,0
Newham 031D,E01003604,0,,0,,0,,5,,0,,0
Newham 032A,E01003483,0,,0,,0,,0,,0,,0
Newham 032B,E01003484,0,,0,,0,,5,,0,,0
Newham 032C,E01003516,0,,0,,0,,0,,0,,0
Newham 032D,E01003518,0,,0,,5,,5,,0,,0
Newham 032E,E01003519,0,,0,,0,,5,,0,,0
Newham 033B,E01003482,50,,10,,0,,15,,0,,0
Newham 033A,E01003480,0,,0,,0,,10,,0,,0
Newham 033C,E01003486,0,,0,,0,,0,,0,,0
Newham 033D,E01003487,0,,0,,0,,0,,0,,0
Newham 034E,E01003510,0,,0,,0,,0,,0,,0
Newham 034B,E01003504,0,,0,,0,,30,,0,,0
Newham 034C,E01003505,0,,0,,0,,5,,0,,0
Newham 034D,E01003506,0,,0,,0,,5,,0,,0
Newham 034A,E01003497,0,,0,,0,,100,,15,,0
Newham 035A,E01003479,0,,0,,0,,5,,0,,0
Newham 035B,E01003481,0,,0,,0,,15,,0,,0
Newham 035C,E01003485,0,,0,,0,,5,,0,,0
Newham 035D,E01003513,0,,0,,0,,5,,0,,0
Newham 036C,E01003514,0,,0,,0,,0,,0,,0
Newham 036D,E01003515,0,,0,,0,,5,,0,,0
Newham 036E,E01003517,0,,0,,0,,0,,0,,0
Newham 036A,E01003511,0,,0,,0,,0,,0,,0
Newham 036B,E01003512,0,,0,,0,,0,,0,,0
Newham 037A,E01003609,10,,0,,0,,20,,0,,0
Newham 037B,E01003610,0,,0,,0,,25,,0,,0
Newham 037C,E01003611,0,,0,,0,,5,,0,,0
Newham 037D,E01003612,0,,25,,0,,170,,0,,0
Southwark 001B,E01004032,0,,0,,0,,10,,0,,0
Southwark 001A,E01004029,5,,0,,0,,30,,0,,0
Southwark 001C,E01004053,0,,0,,0,,30,,0,,0
Southwark 001D,E01004054,5,,5,,0,,15,,0,,0
Southwark 001E,E01004055,0,,0,,0,,0,,0,,0
Southwark 002A,E01003927,180,,40,,475,,400,,50,,35
Southwark 002B,E01003929,70,,10,,80,,500,,200,,20
Southwark 002C,E01003934,180,,125,,1000,,400,,175,,10
Southwark 002D,E01003935,0,,0,,5,,700,,10,,0
Southwark 002E,E01003939,15,,0,,20,,275,,0,,200
Southwark 003A,E01003976,0,,0,,0,,70,,10,,0
Southwark 003B,E01003982,10,,0,,5,,450,,90,,0
Southwark 003C,E01004025,0,,0,,35,,170,,5,,0
Southwark 003D,E01004026,10,,0,,0,,150,,5,,0
Southwark 003E,E01004027,5,,0,,175,,650,,425,,45
Southwark 004E,E01004028,0,,0,,0,,5,,0,,0
Southwark 004C,E01004022,5,,0,,0,,10,,0,,0
Southwark 004D,E01004023,0,,0,,5,,5,,0,,0
Southwark 004B,E01003978,5,,0,,0,,10,,0,,0
Southwark 004A,E01003975,5,,0,,0,,5,,0,,0
Southwark 005B,E01003930,0,,0,,0,,10,,0,,0
Southwark 005C,E01003931,0,,0,,5,,130,,10,,0
Southwark 005D,E01003932,0,,0,,5,,45,,0,,0
Southwark 005E,E01003933,5,,0,,0,,5,,0,,0
Southwark 005A,E01003928,40,,0,,30,,170,,0,,275
Southwark 006B,E01003940,0,,0,,0,,0,,0,,0
Southwark 006C,E01003941,0,,0,,0,,25,,0,,0
Southwark 006D,E01003942,0,,0,,0,,0,,0,,0
Southwark 006E,E01003979,5,,0,,0,,45,,0,,0
Southwark 006F,E01003981,0,,0,,0,,50,,0,,250
Southwark 006A,E01003938,0,,0,,0,,15,,0,,0
Southwark 007C,E01004033,0,,0,,0,,5,,10,,0
Southwark 007D,E01004034,0,,0,,0,,20,,0,,0
Southwark 007E,E01004036,0,,0,,0,,5,,0,,0
Southwark 007A,E01004030,5,,0,,0,,5,,0,,0
Southwark 007B,E01004031,75,,0,,0,,30,,15,,0
Southwark 008A,E01004056,0,,0,,0,,25,,0,,0
Southwark 008B,E01004057,0,,0,,0,,5,,20,,0
Southwark 008C,E01004058,10,,0,,0,,40,,0,,0
Southwark 008D,E01004059,0,,0,,0,,30,,0,,0
Southwark 008E,E01004060,0,,0,,0,,40,,0,,0
Southwark 009E,E01003959,0,,0,,0,,0,,0,,0
Southwark 009C,E01003943,0,,0,,0,,0,,0,,0
Southwark 009D,E01003944,0,,0,,0,,10,,0,,0
Southwark 009A,E01003936,0,,0,,0,,60,,0,,45
Southwark 009B,E01003937,15,,0,,0,,15,,0,,0
Southwark 010A,E01003977,0,,0,,0,,5,,0,,0
Southwark 010D,E01004042,5,,0,,0,,0,,0,,0
Southwark 010E,E01004043,0,,0,,75,,5,,0,,0
Southwark 010B,E01004037,0,,0,,0,,10,,0,,0
Southwark 010C,E01004038,0,,0,,0,,5,,0,,0
Southwark 011D,E01004035,0,,0,,0,,0,,0,,0
Southwark 011C,E01004024,10,,0,,0,,5,,0,,0
Southwark 011A,E01003986,0,,0,,0,,0,,0,,0
Southwark 011B,E01003987,0,,0,,0,,5,,0,,0
Southwark 012E,E01003994,0,,0,,0,,5,,0,,0
Southwark 012A,E01003960,0,,0,,0,,5,,0,,0
Southwark 012B,E01003961,0,,0,,0,,0,,0,,0
Southwark 012C,E01003962,5,,0,,0,,0,,0,,0
Southwark 012D,E01003965,0,,0,,0,,0,,0,,0
Southwark 013A,E01003980,0,,0,,10,,5,,0,,0
Southwark 013B,E01004039,0,,0,,0,,0,,0,,0
Southwark 013C,E01004040,0,,0,,0,,0,,0,,0
Southwark 013D,E01004041,0,,0,,0,,5,,0,,0
Southwark 013E,E01004044,0,,0,,0,,5,,0,,0
Southwark 014B,E01003995,0,,0,,0,,0,,0,,0
Southwark 014C,E01003996,0,,0,,0,,15,,0,,0
Southwark 014D,E01003998,5,,0,,0,,5,,0,,0
Southwark 014E,E01003999,0,,0,,0,,5,,0,,0
Southwark 014A,E01003992,0,,0,,0,,0,,0,,0
Southwark 015E,E01003974,0,,0,,0,,0,,0,,0
Southwark 015D,E01003971,0,,0,,0,,0,,0,,0
Southwark 015C,E01003968,0,,0,,0,,0,,0,,0
Southwark 015A,E01003964,0,,0,,0,,5,,0,,0
Southwark 015B,E01003966,0,,0,,0,,0,,0,,0
Southwark 016B,E01003967,0,,0,,0,,0,,0,,0
Southwark 016A,E01003963,0,,5,,0,,0,,0,,0
Southwark 016C,E01003970,0,,0,,0,,0,,0,,0
Southwark 016D,E01003972,5,,0,,0,,0,,0,,0
Southwark 016E,E01003973,0,,0,,0,,0,,0,,0
Southwark 017B,E01003969,5,,0,,5,,10,,20,,0
Southwark 017D,E01003993,0,,0,,0,,0,,0,,0
Southwark 017E,E01003997,0,,0,,0,,0,,0,,0
Southwark 017A,E01003923,0,,0,,0,,5,,0,,0
Southwark 017C,E01003991,0,,0,,0,,0,,0,,0
Southwark 018B,E01003988,0,,0,,10,,20,,0,,0
Southwark 018C,E01003989,0,,0,,5,,0,,0,,0
Southwark 018D,E01003990,0,,0,,0,,0,,0,,0
Southwark 018E,E01004007,0,,0,,0,,0,,0,,0
Southwark 018A,E01003983,0,,0,,0,,0,,0,,0
Southwark 019B,E01004011,0,,0,,0,,0,,0,,0
Southwark 019C,E01004012,0,,0,,0,,5,,0,,0
Southwark 019D,E01004013,0,,0,,0,,10,,0,,0
Southwark 019E,E01004014,0,,0,,0,,10,,0,,0
Southwark 019A,E01003912,0,,0,,0,,0,,0,,0
Southwark 020B,E01003916,5,,0,,0,,5,,0,,0
Southwark 020C,E01003917,0,,0,,0,,5,,0,,0
Southwark 020D,E01003918,0,,0,,0,,0,,0,,0
Southwark 020E,E01003925,0,,0,,0,,0,,0,,0
Southwark 020A,E01003911,5,,0,,0,,30,,0,,0
Southwark 021F,E01003926,0,,0,,0,,0,,0,,0
Southwark 021E,E01003924,0,,0,,0,,0,,0,,0
Southwark 021A,E01003919,0,,0,,0,,10,,0,,0
Southwark 021B,E01003920,0,,0,,0,,0,,0,,10
Southwark 021C,E01003921,0,,0,,5,,0,,0,,0
Southwark 021D,E01003922,5,,0,,0,,0,,0,,0
Southwark 022B,E01004008,0,,0,,0,,0,,0,,0
Southwark 022C,E01004009,5,,0,,0,,0,,0,,0
Southwark 022D,E01004010,0,,0,,5,,0,,0,,0
Southwark 022A,E01003985,0,,0,,0,,0,,0,,0
Southwark 022E,E01004067,0,,0,,5,,0,,0,,0
Southwark 023A,E01003984,5,,0,,0,,5,,0,,0
Southwark 023B,E01004003,0,,0,,0,,5,,0,,0
Southwark 023C,E01004004,0,,5,,125,,5,,0,,0
Southwark 023D,E01004005,0,,0,,0,,0,,0,,0
Southwark 023E,E01004006,0,,0,,0,,5,,0,,0
Southwark 024A,E01003913,0,,5,,0,,10,,0,,5
Southwark 024B,E01003914,5,,0,,0,,5,,0,,0
Southwark 024C,E01003915,0,,0,,0,,5,,0,,0
Southwark 024D,E01004050,0,,0,,0,,5,,0,,0
Southwark 024E,E01004052,5,,0,,0,,0,,0,,0
Southwark 025D,E01004065,5,,0,,0,,10,,0,,0
Southwark 025E,E01004066,5,,0,,0,,5,,0,,0
Southwark 025A,E01004061,15,,0,,0,,5,,0,,0
Southwark 025B,E01004062,25,,0,,5,,5,,0,,0
Southwark 025C,E01004063,5,,0,,5,,10,,0,,0
Southwark 026D,E01004064,0,,0,,0,,0,,0,,0
Southwark 026E,E01004068,5,,0,,0,,0,,0,,0
Southwark 026A,E01004000,5,,0,,0,,5,,0,,0
Southwark 026B,E01004001,0,,0,,0,,0,,0,,0
Southwark 026C,E01004019,0,,0,,0,,5,,0,,0
Southwark 027E,E01004051,5,,0,,0,,0,,0,,0
Southwark 027A,E01004045,0,,0,,0,,0,,0,,0
Southwark 027B,E01004047,0,,0,,0,,5,,0,,0
Southwark 027C,E01004048,0,,0,,0,,5,,0,,0
Southwark 027D,E01004049,0,,0,,0,,0,,0,,0
Southwark 028E,E01004046,5,,0,,0,,5,,0,,0
Southwark 028D,E01004021,5,,0,,0,,10,,0,,0
Southwark 028C,E01004015,0,,0,,0,,5,,0,,0
Southwark 028A,E01003953,5,,0,,0,,15,,0,,0
Southwark 028B,E01003955,0,,0,,0,,10,,0,,0
Southwark 029B,E01004016,5,,0,,0,,15,,0,,0
Southwark 029C,E01004017,0,,0,,0,,5,,0,,0
Southwark 029D,E01004020,0,,0,,0,,0,,0,,0
Southwark 029A,E01004002,0,,0,,0,,5,,0,,0
Southwark 030C,E01003956,5,,0,,0,,5,,0,,0
Southwark 030A,E01003952,10,,0,,0,,10,,0,,0
Southwark 030B,E01003954,0,,0,,0,,10,,0,,0
Southwark 030D,E01004071,0,,0,,0,,10,,0,,0
Southwark 030E,E01004072,5,,0,,0,,10,,0,,0
Southwark 031C,E01004073,0,,0,,0,,5,,0,,0
Southwark 031D,E01004074,5,,0,,0,,15,,0,,0
Southwark 031E,E01004075,0,,0,,15,,20,,0,,0
Southwark 031A,E01004069,0,,0,,0,,15,,0,,0
Southwark 031B,E01004070,5,,0,,0,,10,,0,,0
Southwark 032A,E01003949,10,,0,,0,,10,,0,,0
Southwark 032B,E01003950,0,,0,,0,,0,,0,,0
Southwark 032C,E01003957,5,,0,,0,,10,,0,,0
Southwark 032D,E01003958,0,,0,,0,,10,,0,,0
Southwark 032E,E01004018,0,,0,,0,,10,,0,,0
Southwark 033E,E01003951,0,,0,,0,,0,,0,,0
Southwark 033A,E01003945,0,,0,,0,,10,,0,,0
Southwark 033B,E01003946,0,,0,,0,,5,,0,,0
Southwark 033C,E01003947,0,,0,,0,,5,,0,,0
Southwark 033D,E01003948,5,,0,,0,,5,,0,,0
Tower Hamlets 001A,E01004222,0,,0,,0,,5,,0,,0
Tower Hamlets 001B,E01004223,0,,0,,0,,5,,0,,0
Tower Hamlets 001C,E01004224,5,,0,,5,,10,,0,,0
Tower Hamlets 001D,E01004226,0,,0,,0,,5,,0,,0
Tower Hamlets 002A,E01004197,5,,0,,0,,25,,0,,0
Tower Hamlets 002B,E01004198,0,,0,,0,,0,,0,,0
Tower Hamlets 002C,E01004199,5,,0,,0,,0,,0,,0
Tower Hamlets 002D,E01004201,0,,0,,0,,0,,0,,0
Tower Hamlets 003C,E01004232,5,,0,,0,,10,,0,,0
Tower Hamlets 003D,E01004233,0,,0,,0,,0,,0,,0
Tower Hamlets 003E,E01004234,10,,0,,0,,10,,0,,0
Tower Hamlets 003A,E01004228,0,,0,,0,,15,,0,,5
Tower Hamlets 003B,E01004230,5,,0,,0,,10,,0,,0
Tower Hamlets 004D,E01004231,0,,0,,0,,5,,0,,0
Tower Hamlets 004C,E01004229,0,,0,,0,,40,,0,,0
Tower Hamlets 004B,E01004227,20,,0,,5,,45,,5,,10
Tower Hamlets 004A,E01004225,5,,0,,0,,15,,0,,0
Tower Hamlets 005B,E01004202,5,,0,,0,,10,,0,,0
Tower Hamlets 005C,E01004203,5,,0,,0,,0,,0,,0
Tower Hamlets 005D,E01004204,0,,0,,0,,0,,0,,0
Tower Hamlets 005A,E01004200,10,,0,,0,,25,,0,,0
Tower Hamlets 006A,E01004311,0,,0,,0,,5,,0,,0
Tower Hamlets 006B,E01004314,60,,0,,0,,5,,0,,0
Tower Hamlets 006C,E01004315,20,,0,,0,,60,,0,,0
Tower Hamlets 006D,E01004318,0,,0,,0,,5,,0,,0
Tower Hamlets 007D,E01004266,0,,0,,0,,5,,0,,0
Tower Hamlets 007C,E01004263,0,,0,,0,,0,,0,,0
Tower Hamlets 007A,E01004259,5,,0,,0,,20,,5,,0
Tower Hamlets 007B,E01004260,45,,0,,0,,5,,0,,0
Tower Hamlets 008A,E01004235,0,,0,,0,,5,,0,,0
Tower Hamlets 008B,E01004236,0,,0,,0,,5,,0,,10
Tower Hamlets 008C,E01004237,0,,0,,0,,0,,0,,0
Tower Hamlets 008D,E01004238,0,,0,,0,,10,,0,,0
Tower Hamlets 008E,E01004239,0,,0,,0,,0,,0,,0
Tower Hamlets 009C,E01004316,5,,0,,0,,5,,0,,0
Tower Hamlets 009D,E01004317,30,,0,,0,,35,,0,,0
Tower Hamlets 009A,E01004312,0,,0,,0,,5,,0,,0
Tower Hamlets 009B,E01004313,5,,0,,0,,5,,0,,0
Tower Hamlets 010C,E01004264,0,,0,,0,,0,,0,,0
Tower Hamlets 010D,E01004265,5,,0,,0,,10,,0,,0
Tower Hamlets 010A,E01004261,0,,0,,0,,20,,0,,0
Tower Hamlets 010B,E01004262,0,,0,,0,,0,,0,,10
Tower Hamlets 011A,E01004207,0,,0,,0,,0,,0,,0
Tower Hamlets 011B,E01004209,0,,0,,0,,0,,0,,0
Tower Hamlets 011C,E01004210,0,,0,,0,,5,,0,,0
Tower Hamlets 011D,E01004212,0,,0,,0,,5,,0,,0
Tower Hamlets 011E,E01004213,0,,0,,0,,0,,0,,0
Tower Hamlets 012A,E01004240,0,,0,,0,,5,,0,,0
Tower Hamlets 012B,E01004241,0,,0,,0,,0,,0,,0
Tower Hamlets 012C,E01004242,0,,0,,0,,10,,0,,0
Tower Hamlets 012D,E01004267,0,,0,,0,,5,,0,,0
Tower Hamlets 012E,E01004268,0,,0,,0,,5,,0,,0
Tower Hamlets 013D,E01004211,10,,0,,0,,5,,0,,0
Tower Hamlets 013C,E01004208,10,,0,,0,,10,,0,,5
Tower Hamlets 013A,E01004205,0,,0,,0,,0,,0,,0
Tower Hamlets 013B,E01004206,0,,5,,0,,0,,0,,0
Tower Hamlets 014A,E01004269,5,,0,,0,,10,,0,,0
Tower Hamlets 014B,E01004270,0,,0,,0,,10,,0,,0
Tower Hamlets 014C,E01004271,0,,0,,0,,5,,0,,0
Tower Hamlets 014D,E01004272,0,,0,,0,,20,,0,,0
Tower Hamlets 014E,E01004273,0,,0,,0,,0,,0,,0
Tower Hamlets 015A,E01004306,10,,0,,10,,300,,0,,0
Tower Hamlets 015B,E01004307,80,,5,,110,,1750,,60,,5
Tower Hamlets 015C,E01004308,5,,0,,0,,5,,0,,20
Tower Hamlets 015D,E01004309,5,,0,,40,,25,,0,,5
Tower Hamlets 015E,E01004310,10,,0,,5,,170,,0,,0
Tower Hamlets 016A,E01004283,0,,0,,0,,0,,0,,0
Tower Hamlets 016B,E01004287,0,,5,,0,,10,,0,,0
Tower Hamlets 016C,E01004289,0,,0,,25,,5,,0,,0
Tower Hamlets 016D,E01004290,0,,0,,0,,5,,0,,0
Tower Hamlets 017A,E01004322,0,,15,,0,,5,,0,,0
Tower Hamlets 017B,E01004323,0,,0,,10,,5,,0,,0
Tower Hamlets 017C,E01004324,0,,0,,0,,0,,0,,0
Tower Hamlets 017D,E01004326,0,,0,,0,,5,,0,,0
Tower Hamlets 018A,E01004245,0,,0,,0,,15,,0,,0
Tower Hamlets 018B,E01004246,0,,0,,0,,10,,0,,0
Tower Hamlets 018C,E01004248,0,,0,,5,,0,,0,,0
Tower Hamlets 018D,E01004249,0,,0,,0,,10,,0,,0
Tower Hamlets 019D,E01004288,0,,0,,0,,0,,0,,0
Tower Hamlets 019A,E01004284,0,,0,,0,,10,,0,,0
Tower Hamlets 019B,E01004285,0,,0,,0,,0,,0,,0
Tower Hamlets 019C,E01004286,5,,0,,0,,0,,0,,0
Tower Hamlets 020C,E01004247,0,,0,,0,,10,,0,,0
Tower Hamlets 020D,E01004250,0,,0,,0,,5,,0,,5
Tower Hamlets 020A,E01004243,0,,0,,0,,0,,0,,0
Tower Hamlets 020B,E01004244,0,,0,,0,,0,,0,,0
Tower Hamlets 021D,E01004325,5,,0,,0,,10,,5,,0
Tower Hamlets 021A,E01004319,0,,0,,0,,10,,0,,0
Tower Hamlets 021B,E01004320,5,,0,,300,,650,,25,,0
Tower Hamlets 021C,E01004321,0,,0,,0,,10,,0,,30
Tower Hamlets 022B,E01004300,0,,0,,0,,5,,0,,0
Tower Hamlets 022C,E01004304,0,,0,,0,,5,,0,,0
Tower Hamlets 022D,E01004305,0,,0,,0,,0,,0,,0
Tower Hamlets 022A,E01004298,0,,0,,0,,5,,0,,0
Tower Hamlets 023A,E01004251,0,,0,,0,,10,,0,,0
Tower Hamlets 023B,E01004254,0,,0,,5,,60,,0,,0
Tower Hamlets 023C,E01004255,0,,0,,0,,15,,0,,0
Tower Hamlets 023D,E01004258,0,,0,,0,,25,,0,,0
Tower Hamlets 024C,E01004256,0,,0,,0,,5,,0,,0
Tower Hamlets 024D,E01004257,0,,0,,0,,5,,0,,0
Tower Hamlets 024A,E01004252,0,,5,,35,,45,,0,,0
Tower Hamlets 024B,E01004253,0,,0,,0,,0,,0,,0
Tower Hamlets 025A,E01004299,0,,0,,0,,35,,0,,0
Tower Hamlets 025B,E01004301,0,,0,,0,,5,,0,,0
Tower Hamlets 025C,E01004302,0,,0,,0,,5,,0,,0
Tower Hamlets 025D,E01004303,0,,0,,0,,10,,25,,0
Tower Hamlets 026A,E01004292,5,,0,,0,,25,,0,,0
Tower Hamlets 026B,E01004294,0,,0,,550,,100,,450,,0
Tower Hamlets 026C,E01004295,0,,0,,0,,0,,0,,0
Tower Hamlets 026D,E01004296,5,,0,,75,,50,,0,,0
Tower Hamlets 027C,E01004297,0,,0,,0,,35,,0,,0
Tower Hamlets 027B,E01004293,100,,0,,400,,170,,175,,0
Tower Hamlets 027A,E01004291,0,,0,,0,,20,,0,,0
Tower Hamlets 028B,E01004219,0,,25,,130,,10,,0,,0
Tower Hamlets 028C,E01004220,5,,5,,400,,550,,350,,5
Tower Hamlets 028D,E01004221,5,,0,,5,,80,,0,,0
Tower Hamlets 028A,E01004215,25,,300,,170,,700,,50,,15
Tower Hamlets 029A,E01004277,100,,0,,35,,450,,75,,0
Tower Hamlets 029B,E01004278,25,,0,,250,,4500,,2500,,0
Tower Hamlets 029C,E01004279,0,,0,,0,,50,,0,,0
Tower Hamlets 029D,E01004280,0,,0,,0,,60,,15,,0
Tower Hamlets 030B,E01004216,0,,0,,0,,25,,0,,0
Tower Hamlets 030C,E01004217,0,,0,,0,,10,,0,,0
Tower Hamlets 030D,E01004218,0,,0,,0,,15,,0,,0
Tower Hamlets 030A,E01004214,0,,0,,0,,0,,0,,0
Tower Hamlets 031D,E01004281,0,,0,,0,,30,,0,,0
Tower Hamlets 031E,E01004282,0,,0,,0,,45,,0,,0
Tower Hamlets 031A,E01004274,0,,0,,0,,5,,0,,0
Tower Hamlets 031B,E01004275,0,,0,,0,,25,,0,,0
Tower Hamlets 031C,E01004276,0,,0,,0,,40,,0,,0
Wandsworth 001A,E01004560,10,,0,,0,,15,,0,,0
Wandsworth 001B,E01004566,0,,0,,0,,10,,0,,0
Wandsworth 001C,E01004582,45,,0,,75,,35,,0,,0
Wandsworth 001D,E01004583,5,,0,,0,,5,,0,,0
Wandsworth 002E,E01004567,0,,0,,0,,0,,0,,0
Wandsworth 002A,E01004561,0,,0,,0,,20,,0,,0
Wandsworth 002B,E01004562,5,,0,,75,,10,,0,,0
Wandsworth 002C,E01004563,0,,0,,0,,5,,0,,0
Wandsworth 002D,E01004564,30,,40,,0,,350,,5,,0
Wandsworth 003A,E01004539,0,,0,,0,,5,,0,,0
Wandsworth 003B,E01004540,5,,0,,0,,10,,0,,0
Wandsworth 003D,E01004584,0,,0,,0,,0,,0,,0
Wandsworth 003C,E01004577,5,,0,,0,,10,,0,,0
Wandsworth 004A,E01004578,20,,0,,250,,70,,5,,0
Wandsworth 004B,E01004579,0,,0,,0,,15,,0,,0
Wandsworth 004C,E01004580,0,,0,,0,,45,,0,,0
Wandsworth 004D,E01004581,35,,0,,0,,5,,0,,0
Wandsworth 005B,E01004590,0,,0,,0,,10,,0,,0
Wandsworth 005C,E01004591,5,,0,,0,,10,,0,,0
Wandsworth 005D,E01004592,0,,0,,0,,10,,0,,0
Wandsworth 005A,E01004565,0,,0,,0,,5,,0,,0
Wandsworth 006A,E01004604,5,,0,,0,,10,,0,,0
Wandsworth 006B,E01004605,5,,0,,0,,15,,0,,0
Wandsworth 006C,E01004606,0,,0,,0,,25,,0,,0
Wandsworth 006D,E01004607,5,,0,,0,,20,,0,,0
Wandsworth 006E,E01004608,0,,0,,0,,20,,0,,0
Wandsworth 007D,E01004541,0,,0,,0,,0,,0,,0
Wandsworth 007A,E01004535,0,,0,,0,,0,,0,,0
Wandsworth 007B,E01004537,0,,0,,0,,5,,0,,0
Wandsworth 007C,E01004538,0,,0,,0,,5,,0,,0
Wandsworth 008B,E01004536,0,,0,,0,,5,,0,,0
Wandsworth 008A,E01004534,10,,0,,0,,15,,0,,0
Wandsworth 008C,E01004552,5,,0,,5,,15,,0,,0
Wandsworth 008E,E01004588,0,,0,,5,,10,,5,,0
Wandsworth 008D,E01004585,5,,0,,0,,35,,0,,0
Wandsworth 009C,E01004586,0,,0,,0,,10,,0,,0
Wandsworth 009D,E01004587,5,,0,,0,,15,,0,,0
Wandsworth 009E,E01004589,5,,0,,0,,10,,0,,0
Wandsworth 009A,E01004554,0,,0,,0,,20,,0,,0
Wandsworth 009B,E01004556,5,,0,,0,,5,,0,,0
Wandsworth 010A,E01004509,5,,50,,5,,45,,10,,0
Wandsworth 010B,E01004511,10,,0,,0,,15,,0,,0
Wandsworth 010E,E01004609,5,,0,,10,,800,,10,,0
Wandsworth 010C,E01004602,20,,0,,0,,15,,0,,0
Wandsworth 010D,E01004603,60,,5,,0,,100,,5,,0
Wandsworth 011B,E01004638,0,,0,,0,,5,,0,,0
Wandsworth 011C,E01004639,0,,0,,0,,10,,0,,0
Wandsworth 011D,E01004640,0,,0,,0,,15,,0,,0
Wandsworth 011E,E01004641,5,,0,,0,,5,,0,,0
Wandsworth 011A,E01004506,10,,0,,0,,120,,5,,10
Wandsworth 012B,E01004510,10,,0,,0,,10,,5,,0
Wandsworth 012A,E01004508,5,,0,,0,,10,,0,,0
Wandsworth 012C,E01004514,5,,0,,0,,10,,10,,0
Wandsworth 012D,E01004515,0,,0,,0,,15,,0,,0
Wandsworth 012E,E01004551,0,,0,,0,,5,,0,,0
Wandsworth 013B,E01004574,0,,0,,0,,0,,0,,0
Wandsworth 013C,E01004575,0,,0,,0,,0,,0,,0
Wandsworth 013D,E01004576,5,,0,,0,,25,,0,,0
Wandsworth 013A,E01004568,0,,0,,0,,0,,0,,0
Wandsworth 014E,E01004507,0,,0,,0,,15,,0,,0
Wandsworth 014A,E01004500,0,,0,,0,,15,,0,,0
Wandsworth 014B,E01004501,5,,0,,0,,25,,0,,0
Wandsworth 014C,E01004503,0,,0,,0,,40,,0,,0
Wandsworth 014D,E01004505,5,,0,,0,,35,,0,,0
Wandsworth 015B,E01004557,0,,0,,0,,5,,0,,0
Wandsworth 015C,E01004558,0,,0,,0,,10,,0,,0
Wandsworth 015D,E01004559,0,,0,,0,,5,,0,,0
Wandsworth 015A,E01004553,5,,0,,0,,10,,5,,0
Wandsworth 015E,E01004619,0,,0,,0,,5,,0,,0
Wandsworth 016B,E01004642,5,,0,,0,,5,,0,,0
Wandsworth 016C,E01004643,5,,0,,0,,10,,0,,0
Wandsworth 016D,E01004644,0,,0,,0,,10,,0,,0
Wandsworth 016E,E01004645,0,,0,,0,,5,,0,,0
Wandsworth 016A,E01004572,0,,0,,0,,5,,0,,0
Wandsworth 017E,E01004555,0,,0,,0,,5,,0,,0
Wandsworth 017D,E01004550,5,,0,,0,,5,,0,,0
Wandsworth 017A,E01004477,0,,0,,0,,5,,0,,0
Wandsworth 017B,E01004478,5,,0,,0,,5,,0,,0
Wandsworth 017C,E01004479,5,,0,,0,,5,,0,,0
Wandsworth 018A,E01004494,5,,0,,0,,0,,0,,0
Wandsworth 018B,E01004513,0,,0,,0,,5,,0,,0
Wandsworth 018C,E01004600,75,,0,,5,,20,,75,,0
Wandsworth 018D,E01004601,5,,0,,0,,5,,0,,0
Wandsworth 019C,E01004620,0,,0,,0,,10,,0,,0
Wandsworth 019D,E01004621,5,,0,,0,,5,,0,,0
Wandsworth 019F,E01004627,0,,0,,0,,5,,0,,0
Wandsworth 019E,E01004623,10,,0,,0,,5,,0,,0
Wandsworth 019B,E01004512,5,,0,,0,,5,,5,,0
Wandsworth 019A,E01004493,0,,5,,0,,25,,0,,0
Wandsworth 020B,E01004502,5,,0,,0,,15,,0,,0
Wandsworth 020A,E01004499,0,,0,,0,,20,,0,,0
Wandsworth 020C,E01004504,0,,0,,0,,5,,0,,0
Wandsworth 020F,E01004629,5,,0,,0,,10,,0,,0
Wandsworth 020D,E01004594,5,,5,,0,,10,,0,,0
Wandsworth 020E,E01004596,30,,0,,0,,10,,0,,0
Wandsworth 021C,E01004476,5,,0,,0,,15,,0,,0
Wandsworth 021E,E01004544,5,,0,,0,,10,,0,,0
Wandsworth 021D,E01004542,0,,0,,0,,5,,0,,0
Wandsworth 021B,E01004474,0,,0,,0,,10,,0,,0
Wandsworth 021A,E01004472,5,,0,,0,,10,,0,,0
Wandsworth 022B,E01004630,0,,0,,0,,5,,0,,0
Wandsworth 022C,E01004631,0,,0,,0,,5,,0,,0
Wandsworth 022D,E01004633,0,,0,,0,,0,,0,,0
Wandsworth 022A,E01004628,0,,0,,0,,10,,0,,0
Wandsworth 023D,E01004573,0,,0,,0,,0,,0,,0
Wandsworth 023A,E01004569,0,,0,,0,,0,,0,,0
Wandsworth 023B,E01004570,0,,0,,0,,5,,0,,0
Wandsworth 023C,E01004571,0,,0,,0,,10,,0,,5
Wandsworth 024E,E01004624,0,,0,,0,,10,,0,,0
Wandsworth 024D,E01004622,5,,0,,0,,5,,10,,0
Wandsworth 024A,E01004495,0,,0,,0,,5,,0,,0
Wandsworth 024B,E01004496,0,,0,,0,,40,,0,,0
Wandsworth 024C,E01004497,0,,0,,0,,5,,0,,0
Wandsworth 025A,E01004593,0,,0,,0,,25,,0,,0
Wandsworth 025C,E01004597,0,,5,,0,,10,,0,,0
Wandsworth 025D,E01004598,0,,0,,0,,15,,0,,0
Wandsworth 025E,E01004599,5,,0,,0,,5,,0,,0
Wandsworth 025B,E01004595,0,,0,,0,,15,,0,,0
Wandsworth 026C,E01004480,0,,0,,0,,20,,0,,0
Wandsworth 026D,E01004483,5,,0,,0,,10,,0,,0
Wandsworth 026E,E01004484,5,,0,,0,,5,,0,,0
Wandsworth 026F,E01004486,0,,0,,0,,5,,0,,0
Wandsworth 026A,E01004473,5,,0,,15,,10,,0,,0
Wandsworth 026B,E01004475,5,,5,,0,,10,,0,,0
Wandsworth 027E,E01004625,0,,0,,0,,10,,0,,0
Wandsworth 027F,E01004626,15,,0,,0,,15,,0,,0
Wandsworth 027A,E01004543,5,,0,,0,,15,,0,,0
Wandsworth 027B,E01004545,5,,0,,0,,25,,0,,0
Wandsworth 027C,E01004546,5,,0,,0,,10,,0,,0
Wandsworth 027D,E01004549,5,,0,,0,,5,,0,,0
Wandsworth 028B,E01004634,5,,0,,0,,5,,0,,0
Wandsworth 028C,E01004635,0,,0,,0,,10,,0,,0
Wandsworth 028D,E01004636,5,,0,,0,,5,,0,,0
Wandsworth 028E,E01004637,0,,0,,0,,15,,0,,0
Wandsworth 028A,E01004632,0,,0,,0,,10,,0,,0
Wandsworth 029C,E01004547,0,,0,,0,,0,,0,,0
Wandsworth 029D,E01004548,5,,0,,0,,5,,0,,0
Wandsworth 029A,E01004481,0,,0,,0,,5,,0,,0
Wandsworth 029B,E01004488,5,,0,,0,,10,,0,,0
Wandsworth 030D,E01004489,10,,0,,0,,5,,0,,0
Wandsworth 030A,E01004482,0,,0,,0,,10,,0,,0
Wandsworth 030C,E01004487,0,,0,,0,,5,,0,,0
Wandsworth 030B,E01004485,0,,0,,0,,10,,0,,0
Wandsworth 031A,E01004490,0,,0,,0,,5,,0,,0
Wandsworth 031B,E01004491,0,,0,,0,,5,,0,,0
Wandsworth 031C,E01004492,100,,0,,0,,10,,35,,0
Wandsworth 031D,E01004498,0,,5,,0,,10,,0,,0
Wandsworth 032A,E01004532,0,,0,,0,,5,,0,,0
Wandsworth 032D,E01004618,5,,0,,0,,5,,0,,0
Wandsworth 032B,E01004611,0,,0,,0,,5,,0,,0
Wandsworth 032C,E01004612,0,,0,,0,,5,,0,,0
Wandsworth 033D,E01004613,0,,0,,0,,5,,5,,0
Wandsworth 033C,E01004610,5,,0,,0,,10,,0,,0
Wandsworth 033B,E01004533,0,,0,,0,,5,,0,,0
Wandsworth 033A,E01004531,0,,0,,0,,5,,0,,0
Wandsworth 034A,E01004614,0,,0,,0,,5,,0,,0
Wandsworth 034B,E01004615,0,,0,,0,,5,,0,,0
Wandsworth 034C,E01004616,0,,0,,0,,5,,0,,0
Wandsworth 034D,E01004617,0,,0,,0,,5,,0,,0
Wandsworth 035A,E01004525,0,,0,,0,,5,,0,,0
Wandsworth 035B,E01004526,0,,0,,0,,5,,0,,0
Wandsworth 035C,E01004527,0,,0,,0,,0,,0,,0
Wandsworth 035D,E01004528,0,,0,,0,,0,,0,,0
Wandsworth 035E,E01004529,0,,0,,0,,10,,0,,0
Wandsworth 035F,E01004530,0,,0,,0,,10,,0,,0
Wandsworth 036E,E01004523,0,,0,,0,,5,,0,,0
Wandsworth 036A,E01004516,5,,0,,0,,10,,0,,0
Wandsworth 036B,E01004518,0,,0,,0,,15,,0,,0
Wandsworth 036C,E01004519,0,,0,,0,,0,,0,,0
Wandsworth 036D,E01004520,0,,0,,0,,0,,0,,0
Wandsworth 037B,E01004521,0,,0,,0,,0,,0,,0
Wandsworth 037C,E01004522,0,,0,,0,,5,,0,,0
Wandsworth 037A,E01004517,5,,0,,0,,5,,0,,0
Wandsworth 037D,E01004524,0,,0,,0,,5,,0,,0
Westminster 001B,E01004649,0,,5,,0,,20,,0,,0
Westminster 001A,E01004647,0,,0,,10,,5,,0,,0
Westminster 001C,E01004724,5,,0,,0,,10,,0,,0
Westminster 001D,E01004730,10,,0,,0,,10,,0,,0
Westminster 002D,E01004710,5,,0,,0,,5,,0,,0
Westminster 002E,E01004711,0,,0,,0,,5,,0,,0
Westminster 002B,E01004648,15,,0,,0,,5,,0,,0
Westminster 002C,E01004650,0,,0,,0,,15,,0,,0
Westminster 002A,E01004646,0,,0,,0,,10,,0,,0
Westminster 003A,E01004651,5,,75,,0,,10,,0,,0
Westminster 003B,E01004725,0,,0,,0,,0,,20,,0
Westminster 003C,E01004726,0,,0,,0,,15,,0,,0
Westminster 003D,E01004728,0,,0,,0,,5,,0,,0
Westminster 003E,E01004729,0,,0,,0,,5,,0,,0
Westminster 004A,E01004718,0,,0,,0,,0,,0,,0
Westminster 004B,E01004719,5,,0,,0,,0,,0,,0
Westminster 004C,E01004720,50,,0,,5,,10,,0,,0
Westminster 004D,E01004721,0,,0,,0,,0,,0,,0
Westminster 004E,E01004722,0,,0,,0,,0,,0,,0
Westminster 005F,E01004723,30,,0,,0,,10,,25,,0
Westminster 005C,E01004677,5,,0,,0,,10,,0,,0
Westminster 005D,E01004678,5,,0,,0,,10,,0,,0
Westminster 005E,E01004679,5,,0,,0,,10,,0,,0
Westminster 005A,E01004674,0,,0,,0,,0,,0,,0
Westminster 005B,E01004675,0,,0,,0,,10,,0,,0
Westminster 006A,E01004676,0,,0,,0,,10,,0,,0
Westminster 006B,E01004706,0,,0,,0,,5,,0,,0
Westminster 006C,E01004707,175,,0,,0,,15,,0,,0
Westminster 006D,E01004708,0,,5,,0,,5,,0,,0
Westminster 006E,E01004756,0,,0,,0,,5,,5,,0
Westminster 007E,E01004709,5,,0,,0,,10,,0,,0
Westminster 007A,E01004701,15,,0,,0,,10,,0,,0
Westminster 007B,E01004703,10,,0,,0,,5,,40,,0
Westminster 007C,E01004704,10,,0,,5,,35,,5,,0
Westminster 007D,E01004705,5,,0,,0,,10,,0,,0
Westminster 008C,E01004712,100,,10,,20,,100,,0,,10
Westminster 008D,E01004727,10,,0,,15,,275,,15,,5
Westminster 008A,E01004659,50,,0,,0,,35,,35,,0
Westminster 008B,E01004660,25,,0,,10,,80,,5,,0
Westminster 009A,E01004670,0,,0,,0,,0,,0,,0
Westminster 009B,E01004671,5,,0,,0,,0,,0,,0
Westminster 009C,E01004672,0,,0,,0,,60,,0,,0
Westminster 009D,E01004673,5,,150,,300,,30,,0,,5
Westminster 009E,E01004702,15,,0,,0,,5,,0,,0
Westminster 010C,E01004757,0,,0,,0,,5,,0,,0
Westminster 010D,E01004758,0,,0,,0,,0,,0,,0
Westminster 010E,E01004759,0,,0,,0,,0,,0,,0
Westminster 010A,E01004754,0,,0,,0,,0,,0,,0
Westminster 010B,E01004755,10,,0,,0,,50,,0,,0
Westminster 011E,E01004762,20,,0,,15,,120,,5,,0
Westminster 011C,E01004716,5,,0,,0,,5,,0,,5
Westminster 011D,E01004717,80,,20,,5,,10,,5,,0
Westminster 011A,E01004713,140,,5,,25,,150,,5,,80
Westminster 011B,E01004714,190,,10,,45,,425,,70,,15
Westminster 012C,E01004661,10,,0,,5,,70,,75,,0
Westminster 012D,E01004662,15,,0,,0,,700,,225,,0
Westminster 012E,E01004663,5,,0,,0,,60,,0,,0
Westminster 012A,E01004657,5,,0,,0,,20,,0,,0
Westminster 012B,E01004658,120,,5,,15,,140,,5,,0
Westminster 013A,E01004715,600,,75,,40,,140,,5,,0
Westminster 013B,E01004763,4750,,170,,140,,900,,230,,175
Westminster 013C,E01004764,5500,,1625,,300,,2500,,275,,35
Westminster 013D,E01004765,1625,,3000,,90,,750,,550,,5
Westminster 014E,E01004760,5,,0,,0,,5,,5,,0
Westminster 014A,E01004653,30,,5,,0,,5,,0,,0
Westminster 014B,E01004654,5,,0,,10,,80,,15,,0
Westminster 014C,E01004655,10,,0,,0,,15,,0,,0
Westminster 014D,E01004656,0,,5,,0,,50,,0,,0
Westminster 015B,E01004683,0,,0,,0,,15,,0,,0
Westminster 015C,E01004684,0,,0,,0,,10,,10,,0
Westminster 015D,E01004685,50,,0,,600,,450,,15,,800
Westminster 015E,E01004686,0,,0,,0,,0,,0,,0
Westminster 015A,E01004680,10,,0,,0,,10,,0,,0
Westminster 016A,E01004681,10,,0,,1000,,500,,50,,150
Westminster 016B,E01004682,5,,0,,25,,70,,0,,0
Westminster 016C,E01004694,5,,0,,15,,10,,0,,0
Westminster 016D,E01004697,5,,0,,0,,15,,0,,0
Westminster 016E,E01004700,5,,0,,0,,10,,0,,0
Westminster 017B,E01004693,5,,0,,0,,90,,0,,0
Westminster 017E,E01004698,0,,0,,0,,5,,0,,0
Westminster 017F,E01004699,300,,0,,5,,35,,0,,0
Westminster 017C,E01004695,0,,0,,0,,10,,0,,0
Westminster 017D,E01004696,0,,0,,0,,15,,0,,0
Westminster 017A,E01004652,0,,0,,0,,10,,0,,0
Westminster 018D,E01004761,250,,25,,140,,325,,60,,10
Westminster 018A,E01004734,550,,800,,20,,950,,80,,100
Westminster 018B,E01004735,425,,40,,375,,1125,,250,,750
Westminster 018C,E01004736,170,,25,,110,,4250,,20,,10
Westminster 019A,E01004687,5,,0,,0,,0,,0,,0
Westminster 019B,E01004688,0,,0,,0,,15,,0,,40
Westminster 019C,E01004689,5,,0,,0,,10,,10,,25
Westminster 019D,E01004690,0,,0,,5,,6000,,0,,0
Westminster 019E,E01004691,150,,0,,5,,15,,5,,5
Westminster 019F,E01004692,0,,0,,0,,15,,0,,10
Westminster 020A,E01004731,50,,30,,300,,475,,400,,70
Westminster 020B,E01004732,0,,0,,0,,5,,30,,0
Westminster 020C,E01004733,70,,900,,0,,20,,25,,70
Westminster 020D,E01004744,5,,75,,40,,300,,10,,5
Westminster 020E,E01004748,15,,5,,5,,90,,300,,0
Westminster 021C,E01004745,0,,0,,0,,15,,40,,5
Westminster 021D,E01004746,0,,0,,0,,0,,0,,0
Westminster 021E,E01004747,0,,125,,15,,5,,0,,5
Westminster 021A,E01004740,0,,0,,0,,5,,0,,0
Westminster 021B,E01004743,0,,0,,0,,10,,0,,0
Westminster 022A,E01004742,0,,0,,0,,10,,0,,0
Westminster 022B,E01004749,45,,25,,5,,90,,30,,0
Westminster 022C,E01004751,0,,0,,0,,10,,0,,0
Westminster 022D,E01004752,0,,0,,0,,10,,0,,0
Westminster 022E,E01004753,0,,0,,0,,5,,0,,0
Westminster 023E,E01004750,15,,250,,5,,700,,1750,,0
Westminster 023B,E01004666,0,,0,,0,,5,,0,,0
Westminster 023C,E01004667,0,,0,,0,,5,,0,,0
Westminster 023D,E01004668,0,,0,,0,,5,,0,,0
Westminster 023A,E01004664,0,,0,,0,,5,,0,,0
Westminster 024A,E01004665,0,,0,,0,,0,,0,,0
Westminster 024B,E01004669,0,,0,,0,,0,,0,,0
Westminster 024F,E01004741,0,,0,,0,,0,,0,,0
Westminster 024C,E01004737,0,,0,,0,,0,,0,,0
Westminster 024D,E01004738,0,,0,,0,,5,,0,,0
Westminster 024E,E01004739,0,,0,,0,,5,,5,,0
Barking and Dagenham 001A,E01000027,0,,0,,0,,0,,0,,0
Barking and Dagenham 001B,E01000028,0,,0,,0,,5,,0,,0
Barking and Dagenham 001C,E01000029,0,,0,,0,,5,,0,,0
Barking and Dagenham 001D,E01000030,0,,0,,0,,0,,0,,0
Barking and Dagenham 002A,E01000031,0,,0,,0,,5,,0,,0
Barking and Dagenham 002B,E01000032,0,,0,,0,,0,,5,,0
Barking and Dagenham 002C,E01000110,0,,0,,0,,5,,0,,0
Barking and Dagenham 002D,E01000111,0,,0,,0,,20,,0,,0
Barking and Dagenham 002E,E01000112,0,,0,,0,,5,,0,,0
Barking and Dagenham 002F,E01000113,0,,0,,0,,10,,0,,0
Barking and Dagenham 003B,E01000037,0,,0,,0,,5,,0,,0
Barking and Dagenham 003C,E01000038,0,,0,,0,,5,,0,,0
Barking and Dagenham 003D,E01000039,0,,0,,0,,0,,0,,0
Barking and Dagenham 003A,E01000034,0,,0,,0,,0,,0,,0
Barking and Dagenham 004A,E01000063,0,,0,,0,,5,,0,,0
Barking and Dagenham 004E,E01000114,0,,0,,0,,5,,0,,0
Barking and Dagenham 004B,E01000100,0,,0,,0,,0,,0,,0
Barking and Dagenham 004C,E01000101,0,,0,,0,,0,,0,,0
Barking and Dagenham 004D,E01000109,0,,0,,0,,0,,0,,0
Barking and Dagenham 005D,E01000097,0,,0,,0,,0,,0,,0
Barking and Dagenham 005E,E01000098,0,,0,,0,,0,,0,,0
Barking and Dagenham 005F,E01000099,0,,0,,0,,5,,0,,0
Barking and Dagenham 005C,E01000026,0,,0,,0,,0,,0,,0
Barking and Dagenham 005A,E01000019,0,,0,,0,,0,,0,,0
Barking and Dagenham 005B,E01000020,0,,0,,0,,5,,0,,0
Barking and Dagenham 006A,E01000033,0,,0,,0,,0,,0,,0
Barking and Dagenham 006E,E01000064,0,,0,,0,,0,,0,,0
Barking and Dagenham 006B,E01000060,0,,0,,0,,0,,0,,0
Barking and Dagenham 006C,E01000061,0,,0,,0,,0,,0,,0
Barking and Dagenham 006D,E01000062,0,,0,,0,,0,,0,,0
Barking and Dagenham 007B,E01000078,0,,0,,0,,0,,0,,0
Barking and Dagenham 007G,E01000102,0,,0,,0,,0,,0,,0
Barking and Dagenham 007A,E01000065,0,,0,,0,,5,,0,,0
Barking and Dagenham 007C,E01000080,0,,0,,0,,0,,0,,0
Barking and Dagenham 007D,E01000081,0,,0,,0,,0,,0,,0
Barking and Dagenham 007E,E01000082,0,,0,,0,,0,,0,,0
Barking and Dagenham 007F,E01000083,0,,0,,0,,0,,0,,0
Barking and Dagenham 008A,E01000021,5,,0,,0,,0,,0,,0
Barking and Dagenham 008B,E01000022,0,,0,,0,,0,,0,,0
Barking and Dagenham 008C,E01000023,0,,0,,0,,10,,0,,0
Barking and Dagenham 008D,E01000024,0,,0,,0,,0,,0,,0
Barking and Dagenham 008E,E01000025,0,,0,,0,,0,,0,,0
Barking and Dagenham 008F,E01000077,0,,0,,0,,0,,0,,0
Barking and Dagenham 009E,E01000079,0,,0,,0,,0,,0,,0
Barking and Dagenham 009A,E01000015,0,,0,,0,,0,,0,,0
Barking and Dagenham 009B,E01000016,0,,0,,15,,0,,0,,0
Barking and Dagenham 009C,E01000017,0,,0,,0,,5,,0,,0
Barking and Dagenham 009D,E01000018,0,,0,,0,,0,,0,,0
Barking and Dagenham 010A,E01000035,0,,0,,0,,0,,0,,0
Barking and Dagenham 010B,E01000036,0,,0,,0,,5,,0,,0
Barking and Dagenham 010C,E01000107,0,,0,,0,,0,,0,,0
Barking and Dagenham 010D,E01000108,0,,0,,0,,0,,0,,0
Barking and Dagenham 011C,E01000069,0,,0,,0,,10,,0,,0
Barking and Dagenham 011D,E01000070,0,,0,,0,,5,,0,,0
Barking and Dagenham 011E,E01000071,0,,0,,0,,5,,0,,0
Barking and Dagenham 011A,E01000066,0,,0,,0,,10,,0,,0
Barking and Dagenham 011B,E01000067,0,,0,,0,,5,,0,,0
Barking and Dagenham 012A,E01000057,0,,0,,0,,0,,0,,0
Barking and Dagenham 012B,E01000073,0,,0,,0,,5,,0,,0
Barking and Dagenham 012C,E01000074,0,,0,,0,,0,,0,,0
Barking and Dagenham 012D,E01000075,0,,0,,0,,0,,0,,0
Barking and Dagenham 012E,E01000076,0,,0,,0,,0,,0,,0
Barking and Dagenham 013D,E01000084,0,,0,,0,,0,,0,,0
Barking and Dagenham 013E,E01000085,0,,0,,0,,5,,0,,0
Barking and Dagenham 013F,E01000086,0,,0,,0,,0,,0,,0
Barking and Dagenham 013A,E01000013,0,,0,,10,,10,,0,,0
Barking and Dagenham 013B,E01000014,0,,0,,0,,0,,0,,0
Barking and Dagenham 013C,E01000059,0,,0,,0,,0,,0,,0
Barking and Dagenham 014A,E01000103,0,,0,,0,,0,,0,,0
Barking and Dagenham 014B,E01000104,0,,0,,0,,5,,0,,0
Barking and Dagenham 014C,E01000105,0,,0,,0,,0,,0,,0
Barking and Dagenham 014D,E01000106,0,,0,,0,,0,,0,,0
Barking and Dagenham 015D,E01000012,0,,0,,0,,5,,0,,0
Barking and Dagenham 015A,E01000007,0,,0,,10,,25,,0,,0
Barking and Dagenham 015B,E01000008,5,,0,,0,,10,,0,,0
Barking and Dagenham 015C,E01000010,0,,0,,10,,250,,0,,0
Barking and Dagenham 016C,E01000011,0,,0,,0,,5,,0,,0
Barking and Dagenham 016B,E01000009,0,,0,,0,,20,,0,,0
Barking and Dagenham 016A,E01000006,0,,0,,0,,10,,0,,0
Barking and Dagenham 016E,E01000068,0,,0,,0,,10,,0,,0
Barking and Dagenham 016D,E01000044,0,,0,,0,,0,,0,,0
Barking and Dagenham 017C,E01000045,0,,0,,0,,0,,0,,0
Barking and Dagenham 017D,E01000046,0,,0,,0,,0,,0,,0
Barking and Dagenham 017E,E01000072,0,,0,,0,,0,,0,,0
Barking and Dagenham 017A,E01000041,0,,0,,0,,0,,0,,0
Barking and Dagenham 017B,E01000042,0,,0,,0,,0,,0,,0
Barking and Dagenham 018D,E01000058,0,,0,,0,,5,,0,,0
Barking and Dagenham 018A,E01000054,0,,0,,0,,0,,0,,0
Barking and Dagenham 018B,E01000055,0,,0,,0,,0,,0,,0
Barking and Dagenham 018C,E01000056,25,,0,,0,,0,,0,,0
Barking and Dagenham 018E,E01000095,0,,0,,0,,5,,10,,0
Barking and Dagenham 019E,E01000092,0,,0,,0,,15,,5,,0
Barking and Dagenham 019C,E01000050,0,,0,,0,,5,,0,,0
Barking and Dagenham 019D,E01000052,0,,0,,0,,5,,0,,0
Barking and Dagenham 019B,E01000043,0,,0,,0,,0,,0,,0
Barking and Dagenham 019A,E01000040,0,,0,,0,,0,,0,,0
Barking and Dagenham 020A,E01000053,0,,0,,0,,0,,0,,0
Barking and Dagenham 020B,E01000087,0,,0,,0,,0,,0,,0
Barking and Dagenham 020C,E01000088,0,,0,,0,,0,,0,,0
Barking and Dagenham 020D,E01000089,0,,0,,0,,0,,0,,0
Barking and Dagenham 020E,E01000090,0,,0,,0,,0,,0,,0
Barking and Dagenham 021D,E01000051,0,,0,,0,,0,,0,,0
Barking and Dagenham 021A,E01000047,10,,0,,10,,40,,0,,0
Barking and Dagenham 021B,E01000048,0,,0,,0,,0,,0,,0
Barking and Dagenham 021C,E01000049,0,,0,,0,,5,,0,,0
Barking and Dagenham 022A,E01000091,0,,0,,0,,0,,0,,0
Barking and Dagenham 022B,E01000093,0,,0,,0,,5,,0,,0
Barking and Dagenham 022C,E01000094,0,,0,,0,,5,,0,,0
Barking and Dagenham 022D,E01000096,0,,0,,0,,0,,0,,0
Barnet 001A,E01000248,0,,0,,0,,20,,0,,0
Barnet 001B,E01000249,0,,0,,0,,30,,0,,0
Barnet 001C,E01000250,0,,0,,0,,25,,0,,0
Barnet 001D,E01000254,5,,0,,0,,5,,0,,0
Barnet 001E,E01000292,0,,0,,0,,5,,0,,0
Barnet 001F,E01000293,10,,0,,0,,10,,0,,0
Barnet 002B,E01000246,0,,0,,0,,10,,0,,0
Barnet 002C,E01000247,0,,5,,0,,5,,0,,0
Barnet 002D,E01000251,0,,0,,5,,30,,0,,0
Barnet 002E,E01000252,0,,0,,0,,10,,0,,0
Barnet 002A,E01000167,0,,0,,0,,0,,0,,0
Barnet 003B,E01000168,0,,0,,5,,10,,0,,0
Barnet 003C,E01000169,5,,0,,0,,5,,0,,0
Barnet 003D,E01000172,0,,0,,0,,5,,0,,0
Barnet 003A,E01000166,0,,0,,0,,5,,0,,0
Barnet 004F,E01000294,0,,0,,0,,0,,0,,0
Barnet 004B,E01000287,0,,0,,0,,0,,0,,0
Barnet 004C,E01000288,0,,0,,0,,0,,0,,0
Barnet 004D,E01000289,0,,0,,0,,0,,0,,0
Barnet 004A,E01000285,0,,0,,0,,5,,0,,0
Barnet 004E,E01000291,0,,0,,0,,5,,0,,0
Barnet 005A,E01000267,0,,0,,0,,5,,0,,0
Barnet 005B,E01000268,25,,0,,0,,5,,0,,0
Barnet 005C,E01000269,0,,0,,0,,5,,0,,0
Barnet 005D,E01000270,0,,0,,0,,15,,0,,0
Barnet 006C,E01000173,0,,0,,0,,0,,0,,0
Barnet 006D,E01000174,0,,0,,0,,5,,0,,0
Barnet 006E,E01000175,0,,0,,0,,10,,0,,0
Barnet 006A,E01000170,0,,0,,0,,20,,0,,0
Barnet 006B,E01000171,0,,0,,0,,10,,5,,0
Barnet 007A,E01000228,0,,0,,0,,10,,0,,0
Barnet 007C,E01000279,0,,0,,0,,5,,0,,0
Barnet 007D,E01000280,0,,0,,0,,0,,0,,0
Barnet 007B,E01000253,0,,5,,0,,10,,0,,0
Barnet 007E,E01000286,0,,0,,0,,5,,0,,0
Barnet 007F,E01000290,0,,0,,0,,15,,0,,0
Barnet 008D,E01000281,10,,0,,0,,25,,5,,0
Barnet 008E,E01000282,0,,0,,0,,20,,0,,0
Barnet 008A,E01000271,0,,0,,0,,15,,0,,0
Barnet 008B,E01000272,0,,0,,0,,10,,0,,0
Barnet 008C,E01000273,0,,0,,0,,15,,0,,0
Barnet 009C,E01000119,0,,0,,0,,10,,0,,0
Barnet 009D,E01000120,0,,0,,0,,5,,5,,0
Barnet 009E,E01000122,0,,0,,0,,10,,0,,0
Barnet 009A,E01000115,0,,0,,0,,10,,0,,0
Barnet 009B,E01000116,0,,0,,0,,5,,0,,0
Barnet 010A,E01000117,0,,0,,0,,5,,0,,0
Barnet 010B,E01000118,0,,0,,0,,5,,0,,0
Barnet 010D,E01000123,0,,0,,0,,5,,0,,0
Barnet 010E,E01000124,0,,0,,0,,10,,0,,0
Barnet 010C,E01000121,0,,0,,0,,5,,0,,0
Barnet 011C,E01000274,0,,0,,0,,10,,0,,0
Barnet 011A,E01000265,0,,0,,0,,5,,0,,0
Barnet 011B,E01000266,0,,0,,0,,5,,0,,0
Barnet 011D,E01000320,0,,0,,20,,10,,0,,0
Barnet 011E,E01000322,0,,0,,0,,5,,0,,0
Barnet 012E,E01000321,15,,0,,5,,20,,0,,0
Barnet 012B,E01000277,0,,0,,0,,10,,0,,0
Barnet 012C,E01000283,5,,0,,0,,15,,0,,0
Barnet 012D,E01000284,5,,0,,0,,10,,0,,0
Barnet 012A,E01000275,0,,0,,0,,10,,0,,0
Barnet 013B,E01000229,0,,0,,0,,0,,5,,0
Barnet 013C,E01000230,0,,0,,0,,10,,0,,0
Barnet 013D,E01000231,0,,0,,0,,5,,0,,0
Barnet 013E,E01000232,0,,0,,0,,5,,0,,0
Barnet 013F,E01000233,0,,0,,0,,25,,0,,0
Barnet 013A,E01000195,0,,0,,0,,5,,0,,0
Barnet 014A,E01000186,5,,0,,10,,5,,0,,0
Barnet 014B,E01000187,0,,0,,0,,0,,0,,0
Barnet 014C,E01000188,0,,0,,0,,10,,0,,0
Barnet 014D,E01000189,0,,0,,0,,0,,0,,0
Barnet 014E,E01000190,5,,0,,0,,5,,0,,0
Barnet 014F,E01000191,0,,0,,0,,10,,0,,0
Barnet 015A,E01000158,0,,0,,0,,5,,0,,0
Barnet 015B,E01000159,5,,0,,0,,5,,0,,0
Barnet 015C,E01000160,0,,0,,0,,20,,0,,0
Barnet 015D,E01000161,0,,0,,0,,10,,0,,0
Barnet 015E,E01000162,0,,0,,0,,5,,0,,0
Barnet 015F,E01000324,0,,0,,0,,10,,0,,0
Barnet 016A,E01000256,0,,0,,0,,5,,0,,0
Barnet 016B,E01000258,5,,0,,0,,30,,10,,0
Barnet 016C,E01000263,0,,0,,0,,15,,0,,0
Barnet 016D,E01000264,0,,0,,40,,40,,0,,0
Barnet 017C,E01000261,0,,0,,0,,5,,0,,0
Barnet 017D,E01000262,0,,0,,0,,15,,0,,700
Barnet 017B,E01000257,0,,0,,0,,5,,5,,0
Barnet 017A,E01000255,0,,0,,0,,5,,0,,0
Barnet 018A,E01000192,0,,0,,0,,20,,0,,0
Barnet 018B,E01000193,0,,0,,0,,60,,5,,0
Barnet 018C,E01000194,0,,0,,15,,40,,0,,0
Barnet 018D,E01000226,0,,0,,0,,0,,0,,0
Barnet 018E,E01000227,0,,0,,0,,10,,0,,0
Barnet 019F,E01000323,0,,0,,0,,40,,0,,0
Barnet 019D,E01000317,0,,0,,0,,10,,0,,0
Barnet 019E,E01000318,0,,0,,0,,15,,0,,0
Barnet 019A,E01000299,5,,0,,5,,80,,5,,0
Barnet 019B,E01000300,0,,0,,0,,10,,0,,0
Barnet 019C,E01000302,5,,0,,0,,15,,0,,0
Barnet 020D,E01000303,0,,0,,0,,5,,0,,0
Barnet 020E,E01000304,0,,0,,0,,10,,0,,0
Barnet 020C,E01000301,0,,0,,0,,30,,0,,0
Barnet 020A,E01000276,0,,0,,0,,15,,0,,0
Barnet 020B,E01000278,0,,0,,0,,20,,0,,0
Barnet 021D,E01000234,0,,0,,5,,35,,0,,0
Barnet 021E,E01000235,0,,0,,0,,50,,0,,0
Barnet 021A,E01000130,0,,0,,0,,0,,0,,0
Barnet 021B,E01000132,0,,0,,0,,0,,0,,0
Barnet 021C,E01000133,0,,0,,0,,0,,0,,0
Barnet 022C,E01000163,0,,0,,0,,0,,0,,0
Barnet 022D,E01000164,15,,0,,0,,0,,0,,0
Barnet 022E,E01000165,0,,0,,0,,10,,0,,0
Barnet 022A,E01000156,5,,0,,0,,10,,0,,0
Barnet 022B,E01000157,5,,0,,0,,5,,0,,0
Barnet 022F,E01000315,0,,0,,0,,5,,0,,0
Barnet 023D,E01000298,10,,0,,0,,5,,0,,0
Barnet 023B,E01000295,0,,0,,0,,5,,0,,0
Barnet 023C,E01000296,20,,0,,0,,70,,15,,0
Barnet 023A,E01000197,5,,0,,0,,10,,0,,0
Barnet 024F,E01000134,0,,0,,0,,5,,0,,0
Barnet 024E,E01000131,0,,0,,0,,5,,0,,0
Barnet 024B,E01000127,0,,0,,0,,5,,0,,0
Barnet 024C,E01000128,0,,0,,0,,0,,0,,0
Barnet 024D,E01000129,5,,0,,0,,0,,5,,0
Barnet 024A,E01000125,0,,0,,0,,5,,0,,0
Barnet 025A,E01000198,0,,0,,0,,10,,0,,0
Barnet 025B,E01000199,0,,0,,10,,15,,0,,0
Barnet 025C,E01000204,0,,0,,0,,5,,0,,0
Barnet 025D,E01000259,0,,0,,0,,15,,0,,0
Barnet 025E,E01000260,5,,0,,0,,10,,0,,0
Barnet 026A,E01000126,0,,5,,0,,0,,0,,0
Barnet 026B,E01000151,0,,0,,0,,0,,0,,0
Barnet 026C,E01000152,0,,0,,0,,5,,0,,0
Barnet 026D,E01000153,0,,0,,0,,0,,0,,0
Barnet 026E,E01000154,0,,0,,0,,5,,0,,0
Barnet 027D,E01000297,0,,0,,0,,5,,0,,0
Barnet 027E,E01000316,45,,25,,0,,10,,0,,0
Barnet 027F,E01000319,0,,0,,0,,15,,0,,0
Barnet 027C,E01000184,0,,0,,0,,5,,0,,0
Barnet 027B,E01000178,15,,0,,5,,5,,0,,0
Barnet 027A,E01000176,5,,0,,0,,5,,0,,0
Barnet 028A,E01000196,0,,0,,5,,130,,0,,0
Barnet 028B,E01000200,5,,0,,0,,5,,0,,0
Barnet 028C,E01000201,0,,0,,0,,5,,0,,0
Barnet 028D,E01000202,0,,0,,0,,5,,0,,0
Barnet 028E,E01000203,0,,0,,0,,5,,0,,0
Barnet 029A,E01000177,5,,0,,0,,10,,0,,0
Barnet 029B,E01000179,5,,0,,0,,15,,0,,0
Barnet 029C,E01000180,5,,0,,0,,10,,0,,0
Barnet 029D,E01000181,5,,0,,0,,10,,0,,0
Barnet 029E,E01000182,100,,0,,0,,10,,0,,0
Barnet 029F,E01000185,0,,0,,0,,0,,0,,0
Barnet 030D,E01000155,0,,0,,0,,5,,0,,0
Barnet 030A,E01000147,0,,0,,0,,10,,0,,0
Barnet 030B,E01000148,20,,0,,0,,30,,0,,0
Barnet 030C,E01000149,0,,0,,0,,40,,0,,0
Barnet 031A,E01000239,0,,0,,0,,10,,0,,0
Barnet 031B,E01000240,0,,0,,0,,5,,0,,0
Barnet 031C,E01000241,5,,0,,0,,10,,0,,0
Barnet 031D,E01000309,0,,0,,0,,5,,0,,0
Barnet 032B,E01000242,0,,0,,0,,5,,0,,0
Barnet 032C,E01000243,0,,0,,0,,30,,0,,0
Barnet 032D,E01000244,0,,0,,0,,5,,0,,0
Barnet 032E,E01000245,0,,0,,10,,45,,0,,0
Barnet 032A,E01000237,0,,0,,10,,80,,0,,0
Barnet 032F,E01000314,0,,0,,5,,5,,0,,0
Barnet 033B,E01000206,0,,0,,0,,0,,0,,0
Barnet 033C,E01000207,0,,0,,0,,15,,5,,0
Barnet 033D,E01000208,5,,0,,0,,5,,0,,0
Barnet 033E,E01000210,0,,0,,0,,10,,0,,0
Barnet 033F,E01000213,0,,0,,0,,0,,0,,0
Barnet 033A,E01000183,0,,0,,0,,5,,0,,0
Barnet 034B,E01000238,0,,0,,0,,45,,0,,0
Barnet 034A,E01000236,0,,0,,0,,10,,0,,0
Barnet 034C,E01000310,0,,0,,0,,20,,0,,0
Barnet 034D,E01000311,0,,0,,0,,5,,0,,0
Barnet 035C,E01000211,5,,0,,0,,15,,0,,0
Barnet 035D,E01000212,0,,0,,0,,5,,0,,0
Barnet 035B,E01000209,0,,0,,0,,15,,0,,0
Barnet 035E,E01000216,0,,0,,0,,40,,0,,0
Barnet 035F,E01000217,0,,0,,5,,10,,0,,0
Barnet 035A,E01000205,0,,0,,0,,10,,0,,0
Barnet 036E,E01000312,0,,0,,0,,0,,0,,0
Barnet 036F,E01000313,0,,0,,0,,5,,0,,0
Barnet 036D,E01000308,0,,0,,0,,0,,0,,0
Barnet 036B,E01000305,0,,10,,0,,5,,0,,0
Barnet 036C,E01000306,0,,0,,0,,15,,0,,0
Barnet 036A,E01000150,5,,0,,175,,20,,0,,0
Barnet 037A,E01000145,0,,0,,5,,10,,0,,0
Barnet 037F,E01000225,0,,0,,0,,5,,0,,0
Barnet 037C,E01000218,0,,125,,0,,0,,0,,0
Barnet 037D,E01000219,0,,0,,0,,5,,0,,0
Barnet 037E,E01000220,0,,0,,0,,5,,0,,0
Barnet 037B,E01000215,0,,0,,0,,5,,0,,0
Barnet 038E,E01000214,0,,0,,0,,25,,0,,0
Barnet 038D,E01000146,0,,0,,0,,20,,0,,0
Barnet 038C,E01000144,5,,0,,5,,30,,0,,0
Barnet 038A,E01000135,5,,35,,5,,15,,0,,0
Barnet 038B,E01000136,5,,0,,0,,5,,0,,0
Barnet 039A,E01000141,0,,5,,0,,10,,0,,0
Barnet 039C,E01000223,35,,0,,0,,5,,0,,0
Barnet 039B,E01000221,0,,0,,0,,20,,5,,0
Barnet 039D,E01000307,0,,0,,0,,0,,0,,0
Barnet 040C,E01000222,0,,0,,5,,5,,0,,0
Barnet 040D,E01000224,0,,0,,0,,10,,0,,0
Barnet 040B,E01000142,0,,0,,0,,5,,0,,0
Barnet 040A,E01000138,0,,0,,0,,5,,0,,0
Barnet 041B,E01000139,0,,0,,0,,0,,0,,0
Barnet 041C,E01000140,0,,0,,0,,5,,0,,0
Barnet 041D,E01000143,0,,0,,0,,0,,0,,0
Barnet 041A,E01000137,0,,0,,0,,20,,0,,0
Bexley 001A,E01000466,0,,0,,0,,10,,0,,0
Bexley 001B,E01000467,0,,0,,0,,5,,0,,0
Bexley 001C,E01000468,0,,0,,0,,30,,0,,0
Bexley 001D,E01000469,0,,0,,0,,5,,0,,0
Bexley 002F,E01000470,0,,0,,0,,0,,0,,0
Bexley 002D,E01000464,0,,0,,0,,0,,0,,0
Bexley 002E,E01000465,0,,0,,0,,5,,0,,0
Bexley 002B,E01000418,0,,0,,0,,5,,0,,0
Bexley 002A,E01000416,0,,0,,0,,5,,0,,0
Bexley 002C,E01000422,0,,0,,0,,0,,0,,0
Bexley 003A,E01000333,0,,0,,0,,0,,0,,0
Bexley 003B,E01000335,0,,0,,0,,75,,0,,0
Bexley 003C,E01000336,0,,0,,0,,0,,0,,0
Bexley 003D,E01000337,0,,0,,0,,5,,0,,0
Bexley 003E,E01000338,0,,0,,0,,0,,0,,0
Bexley 004A,E01000403,0,,0,,0,,0,,0,,0
Bexley 004B,E01000404,0,,0,,0,,5,,0,,0
Bexley 004C,E01000405,0,,0,,0,,5,,0,,0
Bexley 004D,E01000408,0,,0,,0,,0,,0,,0
Bexley 005C,E01000406,0,,0,,0,,0,,0,,0
Bexley 005D,E01000407,0,,0,,0,,5,,0,,0
Bexley 005B,E01000402,0,,0,,0,,0,,0,,0
Bexley 005A,E01000332,0,,0,,0,,5,,0,,0
Bexley 006A,E01000334,0,,0,,0,,5,,0,,0
Bexley 006E,E01000442,0,,0,,0,,0,,0,,0
Bexley 006C,E01000419,0,,0,,0,,5,,0,,0
Bexley 006D,E01000420,0,,0,,0,,5,,0,,0
Bexley 006B,E01000417,0,,0,,0,,5,,0,,0
Bexley 007A,E01000437,0,,0,,0,,5,,0,,0
Bexley 007B,E01000438,0,,0,,0,,0,,0,,0
Bexley 007C,E01000439,0,,0,,0,,5,,0,,5
Bexley 007D,E01000440,0,,0,,0,,0,,0,,0
Bexley 007E,E01000441,0,,0,,0,,0,,0,,0
Bexley 008B,E01000429,0,,0,,0,,5,,0,,0
Bexley 008C,E01000430,0,,0,,0,,5,,0,,0
Bexley 008D,E01000431,0,,0,,0,,0,,0,,0
Bexley 008E,E01000432,0,,0,,15,,0,,0,,0
Bexley 008F,E01000433,0,,0,,0,,5,,0,,0
Bexley 008G,E01000434,0,,0,,0,,175,,0,,0
Bexley 008A,E01000373,0,,0,,0,,0,,0,,0
Bexley 009C,E01000359,0,,0,,0,,15,,0,,0
Bexley 009A,E01000356,0,,0,,0,,0,,0,,0
Bexley 009B,E01000357,0,,0,,0,,5,,0,,0
Bexley 009D,E01000421,0,,0,,0,,0,,0,,0
Bexley 009E,E01000450,0,,0,,0,,5,,0,,0
Bexley 009F,E01000451,0,,0,,0,,0,,0,,0
Bexley 009G,E01000452,0,,0,,0,,5,,0,,0
Bexley 010E,E01000435,0,,0,,0,,5,,0,,0
Bexley 010A,E01000367,0,,0,,0,,0,,0,,0
Bexley 010B,E01000368,0,,0,,0,,0,,0,,0
Bexley 010D,E01000380,0,,0,,0,,5,,0,,0
Bexley 010C,E01000372,0,,0,,0,,5,,0,,0
Bexley 011D,E01000358,0,,0,,0,,10,,0,,0
Bexley 011A,E01000353,0,,0,,0,,5,,0,,0
Bexley 011B,E01000354,0,,0,,0,,5,,0,,0
Bexley 011C,E01000355,0,,0,,5,,5,,0,,0
Bexley 011E,E01000436,0,,0,,0,,10,,0,,0
Bexley 012A,E01000397,0,,0,,0,,0,,0,,0
Bexley 012B,E01000398,0,,0,,0,,0,,0,,0
Bexley 012C,E01000399,0,,0,,0,,5,,0,,0
Bexley 012D,E01000400,0,,0,,0,,10,,0,,0
Bexley 013A,E01000401,0,,0,,5,,5,,0,,0
Bexley 013B,E01000453,0,,0,,0,,5,,0,,0
Bexley 013C,E01000454,0,,0,,0,,5,,0,,0
Bexley 013D,E01000455,0,,0,,0,,5,,0,,0
Bexley 013E,E01000456,0,,0,,0,,0,,0,,0
Bexley 014C,E01000369,0,,0,,0,,0,,0,,0
Bexley 014D,E01000370,5,,0,,0,,0,,0,,0
Bexley 014E,E01000371,0,,0,,0,,0,,0,,0
Bexley 014A,E01000325,0,,0,,0,,15,,0,,0
Bexley 014B,E01000326,0,,0,,0,,0,,0,,0
Bexley 015A,E01000360,0,,0,,50,,5,,35,,0
Bexley 015B,E01000362,40,,0,,10,,5,,0,,0
Bexley 015C,E01000365,0,,0,,0,,0,,0,,0
Bexley 015D,E01000366,0,,0,,0,,5,,0,,0
Bexley 015E,E01000394,0,,0,,0,,40,,0,,0
Bexley 016C,E01000409,0,,0,,0,,5,,0,,0
Bexley 016D,E01000411,0,,0,,0,,0,,0,,0
Bexley 016E,E01000414,0,,0,,0,,5,,0,,0
Bexley 016F,E01000415,0,,0,,0,,5,,0,,0
Bexley 016B,E01000392,0,,0,,0,,5,,15,,0
Bexley 016A,E01000388,0,,0,,0,,5,,0,,0
Bexley 017A,E01000327,0,,0,,0,,0,,0,,0
Bexley 017B,E01000328,0,,0,,0,,0,,0,,0
Bexley 017C,E01000329,0,,0,,0,,0,,0,,0
Bexley 017D,E01000330,0,,0,,0,,0,,0,,0
Bexley 017E,E01000331,0,,0,,0,,0,,0,,0
Bexley 018A,E01000340,0,,0,,0,,0,,0,,0
Bexley 018E,E01000412,0,,0,,0,,5,,0,,0
Bexley 018F,E01000413,0,,0,,0,,5,,0,,0
Bexley 018D,E01000410,0,,0,,0,,0,,0,,0
Bexley 018B,E01000395,0,,0,,0,,5,,0,,0
Bexley 018C,E01000396,0,,0,,0,,5,,0,,0
Bexley 019A,E01000374,0,,0,,0,,0,,0,,0
Bexley 019B,E01000375,0,,0,,0,,0,,0,,0
Bexley 019C,E01000376,0,,0,,0,,5,,0,,0
Bexley 019D,E01000377,0,,0,,0,,0,,0,,0
Bexley 019E,E01000378,0,,0,,125,,10,,0,,0
Bexley 019F,E01000379,0,,0,,0,,0,,0,,0
Bexley 020D,E01000363,0,,0,,0,,5,,0,,0
Bexley 020C,E01000361,0,,0,,0,,5,,0,,0
Bexley 020E,E01000389,0,,0,,0,,10,,0,,0
Bexley 020F,E01000390,0,,0,,0,,0,,0,,0
Bexley 020G,E01000393,0,,0,,0,,10,,0,,0
Bexley 020A,E01000348,0,,0,,0,,5,,0,,0
Bexley 020B,E01000349,0,,0,,0,,5,,0,,0
Bexley 021C,E01000350,0,,0,,0,,5,,0,,0
Bexley 021A,E01000346,0,,0,,0,,5,,0,,0
Bexley 021B,E01000347,5,,0,,0,,0,,0,,0
Bexley 021D,E01000352,0,,0,,0,,0,,0,,0
Bexley 021E,E01000391,0,,0,,0,,0,,0,,0
Bexley 022D,E01000345,0,,0,,0,,0,,0,,0
Bexley 022A,E01000341,0,,0,,0,,20,,0,,0
Bexley 022B,E01000342,0,,0,,0,,5,,0,,0
Bexley 022C,E01000343,0,,0,,0,,5,,0,,0
Bexley 022E,E01000460,0,,0,,0,,10,,0,,0
Bexley 023C,E01000447,0,,0,,75,,10,,0,,0
Bexley 023D,E01000448,0,,0,,0,,10,,0,,0
Bexley 023E,E01000449,0,,0,,0,,5,,5,,0
Bexley 023B,E01000444,0,,0,,0,,20,,0,,0
Bexley 023A,E01000364,0,,0,,0,,5,,0,,0
Bexley 024A,E01000351,0,,0,,0,,0,,0,,0
Bexley 024C,E01000445,0,,0,,0,,5,,0,,0
Bexley 024D,E01000446,0,,0,,0,,5,,0,,0
Bexley 024B,E01000443,0,,0,,0,,5,,0,,0
Bexley 024E,E01000461,0,,0,,0,,5,,0,,0
Bexley 025E,E01000463,0,,0,,0,,10,,0,,0
Bexley 025C,E01000423,0,,0,,5,,5,,0,,0
Bexley 025D,E01000425,0,,0,,0,,10,,0,,0
Bexley 025B,E01000344,0,,0,,0,,0,,0,,0
Bexley 025A,E01000339,0,,0,,0,,10,,0,,0
Bexley 026B,E01000426,0,,0,,0,,0,,0,,0
Bexley 026C,E01000427,0,,0,,0,,5,,0,,0
Bexley 026A,E01000424,0,,0,,0,,10,,0,,0
Bexley 026E,E01000462,0,,0,,15,,15,,0,,0
Bexley 026D,E01000457,0,,0,,5,,15,,5,,0
Bexley 027E,E01000458,0,,0,,0,,15,,0,,0
Bexley 027F,E01000459,5,,0,,0,,45,,15,,0
Bexley 027D,E01000428,0,,0,,0,,0,,0,,0
Bexley 027A,E01000382,0,,0,,0,,30,,0,,0
Bexley 027B,E01000384,0,,0,,0,,0,,0,,0
Bexley 027C,E01000387,0,,0,,0,,5,,0,,0
Bexley 028C,E01000385,0,,0,,15,,10,,0,,0
Bexley 028D,E01000386,0,,0,,0,,0,,0,,0
Bexley 028B,E01000383,5,,0,,0,,0,,0,,0
Bexley 028A,E01000381,0,,0,,0,,10,,0,,0
Brent 001A,E01000587,10,,0,,0,,5,,0,,0
Brent 001B,E01000589,0,,0,,0,,10,,0,,0
Brent 001C,E01000590,0,,0,,0,,5,,0,,0
Brent 001D,E01000592,0,,0,,0,,10,,0,,0
Brent 001E,E01000593,0,,0,,0,,10,,0,,0
Brent 001F,E01000594,0,,0,,0,,15,,0,,0
Brent 002E,E01000588,0,,0,,0,,5,,0,,0
Brent 002C,E01000516,0,,0,,600,,10,,0,,0
Brent 002D,E01000520,0,,0,,0,,5,,0,,0
Brent 002A,E01000513,0,,0,,0,,10,,0,,0
Brent 002B,E01000514,0,,0,,0,,5,,0,,0
Brent 003A,E01000515,0,,10,,0,,5,,0,,0
Brent 003B,E01000517,0,,0,,0,,10,,0,,0
Brent 003C,E01000537,0,,0,,0,,10,,0,,0
Brent 003D,E01000542,0,,0,,0,,5,,0,,0
Brent 003E,E01000543,0,,0,,0,,10,,0,,0
Brent 003F,E01000591,0,,0,,0,,10,,0,,0
Brent 004A,E01000536,0,,0,,0,,30,,0,,0
Brent 004B,E01000538,0,,0,,0,,15,,0,,0
Brent 004C,E01000539,0,,0,,0,,15,,0,,0
Brent 004D,E01000540,0,,0,,5,,15,,0,,0
Brent 004E,E01000541,0,,0,,0,,20,,0,,0
Brent 005A,E01000518,0,,0,,0,,10,,0,,0
Brent 005B,E01000519,0,,0,,0,,5,,0,,0
Brent 005C,E01000623,0,,0,,0,,10,,0,,0
Brent 005D,E01000624,0,,0,,0,,0,,0,,0
Brent 005E,E01000629,0,,0,,0,,0,,0,,0
Brent 006A,E01000480,0,,0,,0,,10,,0,,0
Brent 006B,E01000484,0,,0,,0,,0,,0,,0
Brent 006C,E01000485,0,,0,,0,,10,,0,,0
Brent 006D,E01000486,0,,0,,0,,10,,0,,0
Brent 006E,E01000487,0,,0,,0,,15,,0,,0
Brent 007A,E01000572,0,,0,,0,,15,,0,,0
Brent 007B,E01000573,0,,0,,0,,5,,0,,0
Brent 007C,E01000574,0,,0,,0,,15,,0,,0
Brent 007D,E01000575,0,,0,,0,,15,,0,,0
Brent 007E,E01000577,0,,0,,0,,10,,0,,0
Brent 008C,E01000566,0,,0,,0,,5,,0,,0
Brent 008A,E01000562,0,,0,,0,,5,,0,,0
Brent 008B,E01000563,0,,0,,0,,10,,0,,0
Brent 008D,E01000568,50,,0,,0,,15,,0,,125
Brent 008E,E01000569,0,,0,,0,,10,,0,,0
Brent 009B,E01000481,0,,0,,0,,20,,0,,0
Brent 009C,E01000482,0,,0,,0,,10,,0,,0
Brent 009D,E01000483,0,,0,,0,,5,,0,,0
Brent 009A,E01000479,0,,0,,0,,5,,0,,0
Brent 009E,E01000625,0,,0,,0,,5,,0,,0
Brent 010E,E01000626,0,,0,,0,,5,,0,,0
Brent 010A,E01000496,0,,0,,0,,10,,0,,0
Brent 010C,E01000500,0,,0,,0,,5,,0,,0
Brent 010B,E01000498,0,,0,,0,,10,,0,,0
Brent 010D,E01000622,0,,0,,0,,10,,0,,0
Brent 011B,E01000499,5,,0,,5,,20,,0,,0
Brent 011C,E01000501,0,,0,,0,,0,,0,,0
Brent 011D,E01000502,0,,0,,0,,0,,0,,5
Brent 011E,E01000503,0,,0,,0,,5,,0,,0
Brent 011A,E01000497,0,,0,,20,,30,,0,,0
Brent 012A,E01000570,0,,0,,0,,5,,15,,0
Brent 012B,E01000571,0,,0,,0,,10,,0,,0
Brent 012D,E01000578,0,,0,,0,,20,,0,,5
Brent 012C,E01000576,0,,0,,0,,20,,0,,0
Brent 013A,E01000564,0,,0,,0,,10,,0,,0
Brent 013B,E01000565,0,,0,,0,,5,,0,,0
Brent 013C,E01000607,0,,0,,0,,10,,0,,0
Brent 013D,E01000608,0,,0,,0,,10,,0,,0
Brent 013E,E01000613,0,,0,,0,,15,,0,,0
Brent 014A,E01000506,0,,0,,0,,0,,0,,0
Brent 014B,E01000509,0,,0,,0,,0,,0,,0
Brent 014C,E01000510,0,,0,,0,,0,,0,,0
Brent 014D,E01000511,0,,0,,0,,5,,0,,0
Brent 014E,E01000627,0,,0,,0,,0,,0,,0
Brent 014F,E01000628,0,,0,,0,,5,,0,,0
Brent 015A,E01000553,0,,0,,0,,0,,0,,0
Brent 015B,E01000554,0,,0,,0,,0,,5,,0
Brent 015C,E01000555,0,,0,,0,,10,,0,,0
Brent 015D,E01000556,0,,0,,0,,0,,0,,0
Brent 015E,E01000557,0,,0,,0,,5,,0,,0
Brent 015F,E01000558,5,,0,,0,,0,,0,,0
Brent 016A,E01000567,0,,0,,0,,5,,0,,0
Brent 016C,E01000609,0,,0,,0,,15,,0,,0
Brent 016B,E01000606,0,,0,,0,,0,,0,,0
Brent 016D,E01000611,0,,0,,0,,0,,0,,0
Brent 017C,E01000617,0,,0,,0,,5,,0,,0
Brent 017D,E01000618,5,,0,,0,,5,,0,,0
Brent 017E,E01000619,0,,0,,0,,5,,0,,0
Brent 017A,E01000614,50,,0,,150,,90,,0,,0
Brent 017B,E01000615,0,,0,,10,,130,,0,,0
Brent 018E,E01000559,0,,0,,0,,5,,5,,0
Brent 018D,E01000512,5,,0,,0,,5,,0,,0
Brent 018C,E01000507,0,,0,,0,,5,,0,,0
Brent 018A,E01000504,5,,0,,0,,5,,0,,0
Brent 018B,E01000505,0,,0,,0,,10,,0,,0
Brent 019A,E01000610,0,,0,,0,,5,,0,,0
Brent 019B,E01000612,0,,0,,0,,5,,0,,0
Brent 019C,E01000631,0,,0,,0,,10,,0,,0
Brent 019D,E01000633,0,,0,,0,,35,,0,,0
Brent 019E,E01000634,0,,0,,0,,10,,0,,0
Brent 020D,E01000635,0,,0,,0,,5,,0,,0
Brent 020E,E01000636,0,,0,,0,,5,,0,,0
Brent 020B,E01000620,0,,0,,0,,150,,0,,0
Brent 020C,E01000621,0,,0,,0,,5,,0,,0
Brent 020A,E01000616,0,,0,,0,,5,,0,,0
Brent 021A,E01000596,0,,0,,0,,0,,0,,0
Brent 021B,E01000601,10,,0,,25,,40,,0,,0
Brent 021C,E01000602,0,,0,,0,,0,,0,,0
Brent 021D,E01000603,0,,0,,0,,5,,0,,0
Brent 021E,E01000604,0,,0,,0,,0,,0,,0
Brent 021F,E01000605,0,,0,,0,,0,,0,,0
Brent 022A,E01000488,0,,0,,0,,10,,0,,0
Brent 022B,E01000637,0,,0,,0,,0,,0,,0
Brent 022C,E01000639,0,,0,,0,,5,,0,,0
Brent 022D,E01000642,0,,0,,0,,5,,0,,0
Brent 022E,E01000644,5,,0,,5,,5,,0,,0
Brent 023A,E01000490,0,,0,,0,,15,,0,,0
Brent 023B,E01000494,0,,0,,0,,5,,0,,0
Brent 023C,E01000495,10,,0,,0,,5,,0,,0
Brent 023D,E01000560,0,,0,,0,,10,,0,,0
Brent 023E,E01000561,0,,0,,0,,10,,0,,0
Brent 024D,E01000643,0,,0,,0,,0,,0,,0
Brent 024B,E01000640,0,,0,,0,,0,,0,,0
Brent 024C,E01000641,5,,0,,0,,0,,0,,0
Brent 024A,E01000638,0,,0,,0,,0,,0,,0
Brent 025A,E01000508,0,,0,,0,,10,,0,,0
Brent 025B,E01000521,0,,0,,0,,0,,0,,0
Brent 025C,E01000522,0,,0,,0,,0,,0,,0
Brent 025D,E01000526,0,,0,,0,,0,,0,,0
Brent 025E,E01000527,0,,0,,0,,5,,0,,0
Brent 025F,E01000528,0,,0,,0,,0,,0,,0
Brent 026B,E01000474,0,,0,,0,,0,,0,,0
Brent 026C,E01000476,0,,15,,5,,20,,0,,0
Brent 026D,E01000477,15,,0,,5,,90,,0,,0
Brent 026A,E01000471,0,,0,,0,,0,,0,,0
Brent 026E,E01000630,0,,0,,15,,5,,0,,0
Brent 027B,E01000597,0,,0,,0,,0,,25,,0
Brent 027C,E01000598,0,,0,,0,,0,,0,,0
Brent 027D,E01000599,0,,0,,0,,5,,0,,0
Brent 027E,E01000600,150,,5,,30,,60,,5,,200
Brent 027A,E01000595,10,,0,,0,,0,,0,,0
Brent 028A,E01000545,0,,0,,0,,15,,0,,0
Brent 028B,E01000546,10,,0,,0,,10,,0,,0
Brent 028C,E01000547,0,,0,,0,,5,,0,,0
Brent 028D,E01000548,5,,0,,0,,10,,0,,0
Brent 028E,E01000549,10,,0,,0,,10,,0,,0
Brent 029D,E01000478,15,,0,,0,,10,,0,,0
Brent 029C,E01000475,0,,5,,0,,15,,0,,0
Brent 029A,E01000472,0,,0,,0,,45,,0,,0
Brent 029B,E01000473,5,,0,,10,,25,,0,,0
Brent 029E,E01000632,0,,0,,0,,5,,0,,0
Brent 030B,E01000491,5,,0,,0,,15,,0,,0
Brent 030C,E01000492,5,,0,,0,,5,,0,,0
Brent 030D,E01000493,5,,0,,0,,0,,0,,0
Brent 030A,E01000489,5,,0,,0,,0,,0,,0
Brent 030E,E01000581,10,,0,,0,,10,,0,,0
Brent 031F,E01000535,10,,0,,0,,0,,0,,0
Brent 031D,E01000529,5,,0,,5,,5,,0,,0
Brent 031E,E01000533,0,,0,,0,,5,,0,,0
Brent 031A,E01000523,0,,0,,0,,0,,0,,0
Brent 031B,E01000524,0,,5,,0,,0,,0,,0
Brent 031C,E01000525,5,,0,,0,,0,,0,,0
Brent 032C,E01000582,20,,0,,0,,5,,0,,0
Brent 032D,E01000583,35,,0,,0,,10,,0,,0
Brent 032E,E01000586,5,,0,,0,,5,,0,,0
Brent 032A,E01000579,5,,0,,0,,5,,0,,0
Brent 032B,E01000580,70,,325,,40,,80,,5,,0
Brent 033E,E01000584,10,,0,,0,,5,,0,,0
Brent 033F,E01000585,5,,0,,0,,10,,0,,0
Brent 033D,E01000534,10,,0,,0,,5,,0,,0
Brent 033A,E01000530,5,,0,,0,,5,,0,,0
Brent 033B,E01000531,10,,0,,5,,5,,0,,0
Brent 033C,E01000532,5,,0,,0,,0,,0,,0
Brent 034A,E01000544,0,,0,,0,,5,,0,,0
Brent 034B,E01000550,0,,0,,0,,0,,0,,0
Brent 034C,E01000551,0,,0,,0,,5,,0,,0
Brent 034D,E01000552,0,,0,,0,,0,,0,,0
Bromley 001A,E01000779,0,,0,,0,,5,,0,,0
Bromley 001B,E01000780,0,,0,,0,,5,,0,,0
Bromley 001C,E01000781,0,,0,,0,,5,,0,,0
Bromley 001D,E01000782,0,,0,,0,,0,,0,,0
Bromley 001E,E01000783,0,,0,,0,,0,,0,,0
Bromley 001F,E01000785,0,,0,,0,,5,,0,,0
Bromley 002E,E01000784,0,,0,,0,,5,,0,,0
Bromley 002A,E01000689,0,,0,,0,,5,,0,,0
Bromley 002B,E01000690,0,,0,,0,,10,,0,,0
Bromley 002C,E01000691,0,,0,,0,,0,,0,,0
Bromley 002D,E01000692,0,,0,,0,,5,,0,,0
Bromley 003A,E01000816,0,,0,,0,,5,,0,,0
Bromley 003B,E01000817,0,,0,,0,,0,,0,,0
Bromley 003C,E01000818,0,,0,,0,,5,,0,,0
Bromley 003D,E01000819,0,,10,,0,,5,,0,,0
Bromley 003E,E01000821,0,,0,,0,,5,,0,,0
Bromley 004A,E01000799,0,,0,,0,,20,,0,,0
Bromley 004B,E01000802,0,,0,,0,,10,,0,,0
Bromley 004C,E01000803,0,,0,,0,,10,,0,,0
Bromley 004D,E01000804,0,,0,,0,,15,,0,,0
Bromley 004E,E01000805,0,,0,,0,,0,,0,,0
Bromley 005A,E01000740,5,,0,,0,,0,,0,,0
Bromley 005B,E01000741,0,,0,,0,,5,,0,,0
Bromley 005C,E01000742,0,,0,,0,,5,,0,,0
Bromley 005D,E01000745,0,,0,,20,,10,,0,,0
Bromley 005E,E01000746,0,,0,,0,,5,,0,,0
Bromley 006A,E01000709,5,,0,,0,,5,,0,,0
Bromley 006B,E01000710,0,,0,,0,,10,,0,,0
Bromley 006C,E01000711,5,,0,,0,,40,,0,,0
Bromley 006D,E01000714,45,,0,,0,,110,,0,,0
Bromley 006E,E01000718,0,,0,,0,,5,,0,,0
Bromley 007C,E01000694,5,,0,,0,,15,,0,,0
Bromley 007D,E01000695,0,,0,,0,,5,,0,,0
Bromley 007E,E01000696,0,,0,,0,,15,,0,,0
Bromley 007F,E01000697,0,,0,,0,,15,,0,,0
Bromley 007A,E01000645,0,,0,,0,,20,,0,,0
Bromley 007B,E01000649,0,,0,,15,,15,,0,,0
Bromley 008A,E01000674,0,,0,,0,,15,,0,,0
Bromley 008B,E01000676,20,,0,,20,,30,,0,,0
Bromley 008D,E01000822,0,,0,,0,,10,,0,,0
Bromley 008E,E01000823,5,,0,,0,,5,,0,,0
Bromley 008F,E01000824,0,,0,,5,,10,,0,,0
Bromley 008G,E01000825,0,,0,,0,,45,,0,,0
Bromley 008C,E01000820,5,,0,,0,,10,,0,,0
Bromley 009F,E01000806,0,,0,,0,,0,,0,,0
Bromley 009E,E01000800,0,,0,,0,,5,,0,,0
Bromley 009C,E01000796,0,,0,,0,,0,,0,,0
Bromley 009D,E01000798,0,,0,,5,,5,,0,,0
Bromley 009A,E01000743,0,,0,,0,,5,,0,,0
Bromley 009B,E01000744,0,,0,,0,,0,,0,,0
Bromley 010C,E01000736,0,,0,,0,,0,,0,,0
Bromley 010D,E01000737,0,,0,,0,,0,,0,,0
Bromley 010A,E01000693,0,,0,,0,,5,,0,,0
Bromley 010B,E01000698,0,,0,,0,,5,,0,,0
Bromley 011A,E01000672,0,,0,,0,,10,,0,,0
Bromley 011B,E01000673,0,,0,,0,,5,,0,,0
Bromley 011C,E01000716,0,,0,,0,,5,,0,,0
Bromley 011D,E01000717,0,,0,,0,,10,,0,,0
Bromley 011E,E01000828,0,,0,,0,,10,,0,,0
Bromley 012C,E01000715,5,,0,,0,,10,,0,,0
Bromley 012A,E01000712,0,,0,,0,,5,,0,,0
Bromley 012B,E01000713,0,,0,,0,,10,,0,,0
Bromley 012D,E01000770,5,,0,,30,,10,,0,,0
Bromley 012E,E01000772,0,,0,,0,,10,,0,,0
Bromley 013B,E01000702,0,,0,,0,,10,,0,,0
Bromley 013C,E01000703,0,,0,,0,,10,,0,,0
Bromley 013D,E01000706,0,,0,,0,,5,,0,,0
Bromley 013A,E01000700,0,,0,,0,,5,,0,,0
Bromley 013E,E01000797,5,,0,,15,,10,,0,,0
Bromley 014A,E01000729,0,,0,,0,,0,,0,,0
Bromley 014B,E01000730,0,,0,,30,,10,,0,,0
Bromley 014D,E01000738,0,,0,,10,,10,,0,,0
Bromley 014E,E01000739,0,,0,,0,,5,,0,,0
Bromley 014C,E01000735,0,,0,,0,,0,,0,,0
Bromley 015C,E01000704,0,,0,,0,,5,,0,,0
Bromley 015D,E01000705,0,,0,,0,,5,,0,,0
Bromley 015B,E01000701,5,,0,,0,,15,,0,,0
Bromley 015A,E01000699,0,,0,,0,,0,,0,,0
Bromley 015E,E01000801,0,,0,,0,,10,,0,,0
Bromley 016E,E01000678,0,,0,,0,,5,,0,,0
Bromley 016A,E01000646,0,,0,,0,,10,,0,,0
Bromley 016B,E01000647,0,,0,,0,,10,,0,,0
Bromley 016C,E01000648,0,,0,,0,,10,,15,,0
Bromley 016D,E01000653,5,,0,,0,,10,,0,,0
Bromley 017A,E01000707,0,,0,,0,,30,,0,,0
Bromley 017B,E01000708,0,,0,,0,,5,,0,,0
Bromley 017D,E01000774,0,,0,,0,,5,,0,,0
Bromley 017C,E01000771,5,,0,,0,,10,,0,,0
Bromley 017E,E01000776,0,,0,,0,,5,,0,,0
Bromley 018E,E01000829,0,,0,,0,,10,,0,,0
Bromley 018D,E01000762,0,,0,,0,,5,,0,,0
Bromley 018C,E01000677,0,,0,,5,,400,,0,,0
Bromley 018B,E01000675,0,,0,,10,,160,,0,,0
Bromley 018A,E01000670,0,,0,,0,,70,,0,,0
Bromley 019A,E01000719,0,,0,,0,,5,,0,,0
Bromley 019B,E01000720,0,,0,,0,,5,,0,,0
Bromley 019C,E01000721,0,,0,,0,,0,,0,,0
Bromley 019E,E01000728,0,,0,,0,,0,,35,,0
Bromley 019D,E01000724,0,,0,,0,,5,,0,,0
Bromley 020D,E01000671,0,,0,,0,,10,,0,,0
Bromley 020B,E01000668,0,,0,,0,,5,,0,,0
Bromley 020C,E01000669,0,,0,,5,,15,,0,,0
Bromley 020E,E01000679,0,,0,,0,,0,,0,,0
Bromley 020A,E01000651,0,,0,,0,,10,,0,,0
Bromley 021C,E01000830,0,,0,,0,,5,,0,,0
Bromley 021D,E01000831,0,,0,,0,,20,,0,,0
Bromley 021A,E01000826,0,,0,,0,,20,,0,,0
Bromley 021B,E01000827,0,,0,,0,,10,,0,,0
Bromley 021E,E01000833,0,,0,,0,,5,,0,,0
Bromley 022C,E01000807,10,,0,,0,,20,,0,,0
Bromley 022D,E01000809,0,,0,,0,,15,,0,,0
Bromley 022B,E01000652,10,,0,,0,,5,,0,,0
Bromley 022A,E01000650,0,,0,,0,,10,,0,,0
Bromley 023B,E01000725,0,,0,,0,,0,,0,,0
Bromley 023C,E01000731,0,,0,,0,,0,,0,,0
Bromley 023D,E01000732,0,,0,,0,,5,,0,,0
Bromley 023E,E01000733,0,,0,,0,,0,,0,,0
Bromley 023A,E01000722,5,,0,,0,,30,,10,,0
Bromley 024C,E01000775,0,,0,,0,,25,,0,,0
Bromley 024B,E01000773,0,,0,,0,,5,,0,,0
Bromley 024D,E01000777,0,,0,,0,,10,,0,,0
Bromley 024E,E01000778,0,,0,,0,,0,,0,,0
Bromley 024A,E01000769,0,,0,,0,,5,,0,,0
Bromley 025B,E01000810,0,,0,,0,,10,,0,,0
Bromley 025C,E01000811,0,,0,,0,,10,,0,,0
Bromley 025E,E01000815,0,,0,,0,,10,,0,,0
Bromley 025D,E01000813,0,,0,,10,,10,,0,,0
Bromley 025A,E01000808,0,,0,,0,,5,,0,,0
Bromley 026A,E01000661,0,,0,,0,,5,,0,,0
Bromley 026B,E01000662,0,,0,,0,,5,,0,,0
Bromley 026C,E01000663,0,,0,,0,,10,,0,,0
Bromley 026D,E01000664,0,,0,,0,,5,,0,,0
Bromley 027C,E01000766,0,,0,,0,,5,,0,,0
Bromley 027D,E01000767,0,,0,,0,,5,,0,,0
Bromley 027A,E01000763,0,,0,,0,,5,,0,,0
Bromley 027B,E01000764,0,,0,,0,,5,,0,,0
Bromley 027E,E01000834,0,,0,,0,,5,,0,,0
Bromley 028E,E01000814,0,,0,,0,,15,,0,,0
Bromley 028D,E01000812,0,,0,,0,,5,,0,,0
Bromley 028C,E01000790,0,,0,,0,,90,,0,,0
Bromley 028B,E01000734,0,,0,,0,,5,,0,,0
Bromley 028A,E01000727,0,,0,,125,,0,,0,,0
Bromley 029B,E01000726,0,,0,,0,,5,,0,,0
Bromley 029A,E01000723,0,,0,,0,,5,,0,,0
Bromley 029E,E01000791,0,,0,,0,,0,,0,,0
Bromley 029C,E01000787,0,,0,,0,,0,,0,,0
Bromley 029D,E01000788,0,,0,,0,,5,,0,,0
Bromley 030B,E01000835,0,,0,,5,,5,,5,,0
Bromley 030C,E01000836,0,,0,,0,,10,,0,,0
Bromley 030D,E01000837,0,,0,,10,,90,,0,,0
Bromley 030E,E01000838,0,,0,,0,,35,,0,,0
Bromley 030F,E01000839,0,,0,,0,,0,,0,,0
Bromley 030G,E01000840,0,,0,,0,,10,,0,,0
Bromley 030H,E01000841,0,,0,,0,,5,,0,,0
Bromley 030A,E01000832,0,,0,,10,,15,,0,,0
Bromley 031D,E01000757,0,,0,,0,,5,,5,,0
Bromley 031E,E01000758,0,,0,,0,,10,,0,,0
Bromley 031A,E01000753,0,,0,,0,,5,,0,,0
Bromley 031B,E01000754,0,,0,,0,,10,,0,,0
Bromley 031C,E01000755,0,,0,,0,,15,,0,,0
Bromley 032B,E01000789,0,,0,,0,,0,,0,,0
Bromley 032E,E01000795,0,,0,,0,,5,,0,,0
Bromley 032C,E01000792,0,,0,,0,,0,,0,,0
Bromley 032D,E01000793,0,,0,,0,,5,,0,,0
Bromley 032A,E01000786,0,,0,,0,,5,,0,,0
Bromley 033D,E01000756,0,,0,,0,,5,,0,,0
Bromley 033A,E01000665,0,,0,,0,,10,,0,,0
Bromley 033B,E01000666,0,,0,,75,,5,,0,,0
Bromley 033C,E01000667,0,,0,,0,,10,,0,,0
Bromley 034A,E01000759,0,,0,,5,,5,,0,,0
Bromley 034B,E01000760,0,,0,,0,,10,,0,,0
Bromley 034C,E01000761,0,,0,,0,,5,,0,,0
Bromley 034D,E01000765,0,,0,,5,,10,,0,,0
Bromley 034E,E01000768,0,,0,,0,,5,,0,,0
Bromley 035A,E01000681,0,,0,,0,,15,,0,,0
Bromley 035B,E01000682,0,,0,,0,,5,,0,,0
Bromley 035C,E01000683,0,,0,,0,,10,,0,,0
Bromley 035D,E01000684,0,,0,,0,,15,,0,,0
Bromley 035E,E01000794,0,,0,,0,,10,,0,,0
Bromley 036A,E01000749,0,,0,,0,,10,,0,,0
Bromley 036B,E01000750,0,,0,,0,,0,,0,,0
Bromley 036C,E01000751,0,,0,,0,,10,,0,,0
Bromley 036D,E01000752,0,,0,,0,,20,,0,,0
Bromley 037B,E01000685,0,,0,,0,,5,,0,,0
Bromley 037C,E01000686,0,,0,,0,,10,,0,,0
Bromley 037D,E01000687,0,,0,,0,,5,,0,,0
Bromley 037E,E01000688,0,,0,,0,,5,,0,,0
Bromley 037A,E01000680,0,,0,,0,,0,,0,,0
Bromley 038A,E01000658,0,,0,,0,,10,,5,,0
Bromley 038C,E01000747,0,,0,,0,,5,,0,,0
Bromley 038D,E01000748,0,,0,,0,,5,,0,,0
Bromley 038B,E01000660,0,,0,,0,,10,,0,,0
Bromley 039E,E01000659,0,,0,,0,,5,,0,,0
Bromley 039A,E01000654,0,,0,,0,,0,,0,,0
Bromley 039B,E01000655,0,,0,,0,,5,,0,,0
Bromley 039C,E01000656,5,,0,,10,,5,,0,,0
Bromley 039D,E01000657,0,,0,,0,,10,,0,,0
Croydon 001A,E01001137,0,,0,,25,,5,,0,,0
Croydon 001B,E01001138,5,,0,,0,,0,,0,,0
Croydon 001C,E01001156,0,,0,,0,,5,,0,,0
Croydon 001E,E01001164,10,,0,,0,,15,,5,,0
Croydon 001D,E01001162,0,,0,,0,,0,,0,,0
Croydon 002E,E01001163,0,,0,,0,,5,,0,,0
Croydon 002B,E01001157,0,,0,,0,,5,,0,,0
Croydon 002C,E01001159,5,,0,,0,,0,,0,,0
Croydon 002D,E01001160,0,,0,,0,,5,,0,,0
Croydon 002A,E01001084,5,,0,,0,,5,,0,,0
Croydon 003A,E01001083,0,,0,,0,,5,,0,,0
Croydon 003D,E01001161,0,,0,,0,,5,,0,,0
Croydon 003B,E01001086,0,,0,,0,,10,,0,,0
Croydon 003C,E01001087,0,,0,,30,,5,,0,,0
Croydon 004B,E01001088,0,,0,,0,,0,,0,,0
Croydon 004C,E01001089,0,,0,,0,,5,,0,,0
Croydon 004D,E01001090,0,,0,,0,,5,,5,,0
Croydon 004E,E01001091,0,,0,,0,,0,,0,,0
Croydon 004A,E01001085,0,,0,,0,,0,,0,,0
Croydon 005E,E01001158,0,,0,,0,,0,,0,,0
Croydon 005A,E01001147,0,,0,,0,,0,,0,,0
Croydon 005B,E01001148,0,,0,,0,,5,,0,,0
Croydon 005C,E01001151,0,,0,,0,,0,,0,,0
Croydon 005D,E01001152,0,,0,,0,,0,,0,,0
Croydon 006D,E01001153,0,,0,,0,,5,,0,,0
Croydon 006E,E01001154,0,,0,,0,,10,,0,,0
Croydon 006B,E01001149,0,,0,,0,,0,,0,,0
Croydon 006C,E01001150,0,,0,,0,,5,,0,,0
Croydon 006A,E01001146,0,,0,,0,,0,,0,,0
Croydon 007B,E01001139,0,,0,,0,,0,,0,,0
Croydon 007C,E01001140,0,,0,,0,,10,,0,,0
Croydon 007D,E01001142,0,,0,,0,,10,,0,,0
Croydon 007E,E01001144,0,,0,,0,,5,,0,,0
Croydon 007A,E01001136,0,,0,,0,,5,,0,,0
Croydon 008C,E01001145,0,,0,,0,,0,,0,,0
Croydon 008B,E01001143,0,,0,,0,,5,,0,,0
Croydon 008A,E01001141,0,,0,,0,,5,,0,,0
Croydon 008D,E01001191,0,,0,,0,,10,,0,,0
Croydon 008E,E01001192,0,,0,,0,,5,,0,,0
Croydon 009E,E01000999,0,,0,,0,,5,,0,,0
Croydon 009F,E01001002,0,,0,,0,,0,,0,,0
Croydon 009A,E01000994,0,,0,,0,,0,,0,,0
Croydon 009B,E01000995,0,,0,,0,,5,,0,,0
Croydon 009C,E01000996,0,,0,,0,,0,,0,,0
Croydon 009D,E01000997,0,,0,,0,,0,,0,,0
Croydon 010A,E01000998,0,,0,,0,,5,,0,,0
Croydon 010C,E01001003,0,,0,,0,,5,,0,,0
Croydon 010B,E01001000,0,,0,,0,,10,,0,,0
Croydon 010E,E01001155,0,,0,,0,,5,,0,,0
Croydon 010D,E01001111,0,,0,,0,,0,,0,,0
Croydon 011D,E01001182,0,,0,,0,,5,,0,,0
Croydon 011E,E01001183,0,,0,,0,,5,,0,,0
Croydon 011F,E01001184,0,,0,,0,,5,,0,,0
Croydon 011A,E01001174,0,,0,,0,,0,,0,,0
Croydon 011B,E01001175,0,,0,,25,,5,,0,,0
Croydon 011C,E01001176,0,,0,,0,,25,,0,,0
Croydon 012C,E01001189,0,,0,,0,,0,,0,,0
Croydon 012D,E01001190,0,,0,,0,,5,,0,,0
Croydon 012E,E01001194,0,,0,,0,,0,,0,,0
Croydon 012A,E01000988,0,,0,,0,,0,,0,,0
Croydon 012B,E01000990,0,,0,,0,,0,,0,,0
Croydon 013A,E01001001,0,,0,,0,,0,,0,,0
Croydon 013C,E01001112,0,,0,,0,,0,,0,,0
Croydon 013D,E01001113,10,,0,,0,,5,,0,,0
Croydon 013E,E01001114,0,,0,,0,,0,,0,,0
Croydon 013F,E01001116,0,,0,,0,,0,,0,,0
Croydon 013B,E01001109,0,,0,,5,,5,,0,,0
Croydon 014D,E01001188,0,,0,,0,,5,,0,,0
Croydon 014E,E01001193,0,,0,,0,,0,,0,,0
Croydon 014B,E01001185,0,,0,,0,,5,,0,,0
Croydon 014C,E01001186,0,,0,,0,,5,,0,,0
Croydon 014A,E01000992,0,,0,,0,,5,,0,,0
Croydon 015A,E01001004,0,,0,,0,,5,,0,,0
Croydon 015E,E01001181,0,,0,,0,,0,,0,,0
Croydon 015D,E01001178,0,,0,,0,,0,,0,,100
Croydon 015C,E01001117,5,,0,,0,,10,,0,,0
Croydon 015B,E01001115,0,,0,,0,,0,,0,,0
Croydon 016D,E01001179,0,,0,,0,,5,,0,,0
Croydon 016E,E01001180,0,,0,,0,,5,,0,,0
Croydon 016C,E01001177,0,,0,,25,,5,,0,,0
Croydon 016A,E01001006,0,,0,,0,,25,,0,,0
Croydon 016B,E01001007,0,,0,,0,,10,,0,,0
Croydon 017A,E01000980,0,,0,,0,,10,,0,,0
Croydon 017B,E01000981,0,,0,,0,,5,,0,,0
Croydon 017C,E01000982,0,,0,,0,,10,,0,,0
Croydon 017D,E01000983,0,,0,,0,,5,,0,,0
Croydon 017E,E01001187,0,,0,,0,,5,,0,,0
Croydon 018E,E01001134,0,,0,,0,,15,,0,,0
Croydon 018C,E01001131,0,,0,,0,,25,,0,,0
Croydon 018D,E01001132,0,,0,,0,,10,,0,,0
Croydon 018B,E01000991,0,,0,,0,,5,,0,,0
Croydon 018A,E01000989,0,,0,,0,,5,,0,,0
Croydon 019B,E01001008,0,,0,,0,,0,,0,,0
Croydon 019C,E01001009,0,,0,,0,,5,,0,,0
Croydon 019D,E01001010,40,,0,,35,,5,,0,,0
Croydon 019E,E01001011,0,,0,,0,,0,,0,,0
Croydon 019A,E01001005,0,,0,,0,,0,,0,,0
Croydon 020C,E01001048,0,,0,,60,,30,,25,,0
Croydon 020A,E01001012,0,,0,,0,,5,,0,,0
Croydon 020B,E01001013,0,,0,,0,,0,,0,,0
Croydon 020E,E01001118,0,,0,,0,,5,,0,,0
Croydon 020D,E01001110,0,,0,,0,,75,,0,,0
Croydon 021A,E01000985,0,,0,,0,,5,,0,,0
Croydon 021B,E01000986,0,,0,,0,,10,,0,,0
Croydon 021C,E01000987,0,,0,,0,,0,,0,,0
Croydon 021D,E01000993,0,,0,,10,,5,,0,,0
Croydon 022F,E01000984,0,,0,,0,,10,,0,,0
Croydon 022A,E01000975,0,,45,,125,,60,,0,,0
Croydon 022B,E01000976,0,,0,,0,,10,,0,,0
Croydon 022C,E01000977,0,,0,,0,,15,,0,,0
Croydon 022D,E01000978,0,,0,,0,,15,,0,,0
Croydon 022E,E01000979,0,,0,,0,,20,,0,,0
Croydon 023C,E01001049,0,,0,,0,,10,,0,,0
Croydon 023D,E01001050,0,,0,,0,,25,,0,,0
Croydon 023A,E01001044,0,,0,,5,,30,,0,,0
Croydon 023B,E01001046,0,,0,,0,,50,,0,,0
Croydon 024B,E01001042,0,,30,,150,,10,,0,,0
Croydon 024A,E01001014,0,,0,,150,,35,,0,,0
Croydon 024C,E01001165,5,,0,,0,,5,,0,,0
Croydon 024D,E01001166,0,,0,,5,,20,,0,,0
Croydon 024E,E01001168,0,,0,,0,,5,,0,,0
Croydon 025A,E01001127,0,,0,,0,,5,,0,,0
Croydon 025B,E01001128,0,,0,,0,,0,,0,,0
Croydon 025D,E01001135,0,,0,,0,,0,,0,,0
Croydon 025C,E01001130,0,,0,,0,,0,,0,,0
Croydon 026D,E01001129,0,,0,,0,,5,,0,,0
Croydon 026E,E01001133,0,,0,,5,,10,,0,,0
Croydon 026A,E01001062,0,,0,,0,,5,,0,,0
Croydon 026B,E01001063,0,,0,,0,,0,,0,,0
Croydon 026C,E01001064,0,,0,,0,,10,,0,,0
Croydon 027D,E01001047,0,,0,,0,,5,,0,,0
Croydon 027B,E01001043,45,,0,,0,,80,,15,,0
Croydon 027C,E01001045,0,,0,,45,,300,,5,,5
Croydon 027A,E01001035,0,,0,,0,,10,,0,,0
Croydon 027E,E01001170,0,,0,,0,,5,,0,,0
Croydon 028C,E01001171,0,,0,,0,,5,,0,,0
Croydon 028D,E01001172,0,,0,,10,,90,,0,,0
Croydon 028E,E01001173,0,,0,,0,,10,,5,,0
Croydon 028B,E01001169,0,,0,,0,,0,,0,,0
Croydon 028A,E01001167,0,,0,,0,,10,,0,,0
Croydon 029A,E01001036,0,,0,,0,,15,,0,,0
Croydon 029B,E01001037,0,,0,,0,,45,,15,,0
Croydon 029C,E01001038,0,,0,,0,,10,,0,,0
Croydon 029D,E01001039,0,,0,,0,,10,,0,,0
Croydon 029E,E01001040,0,,0,,0,,10,,0,,0
Croydon 030A,E01001051,0,,0,,0,,0,,0,,0
Croydon 030B,E01001052,0,,0,,0,,0,,0,,0
Croydon 030C,E01001054,0,,0,,0,,0,,0,,0
Croydon 030D,E01001056,0,,0,,0,,0,,0,,0
Croydon 030E,E01001057,0,,0,,0,,0,,0,,0
Croydon 031C,E01001041,0,,0,,0,,5,,0,,0
Croydon 031A,E01001033,0,,0,,0,,15,,0,,0
Croydon 031B,E01001034,0,,0,,45,,20,,0,,0
Croydon 031D,E01001095,0,,0,,0,,20,,0,,0
Croydon 031E,E01001100,0,,0,,0,,5,,0,,0
Croydon 032E,E01001082,0,,0,,0,,0,,0,,0
Croydon 032A,E01001053,0,,0,,0,,0,,0,,0
Croydon 032B,E01001055,0,,0,,0,,0,,0,,0
Croydon 032C,E01001077,0,,0,,0,,0,,0,,0
Croydon 032D,E01001078,0,,0,,0,,0,,0,,0
Croydon 033A,E01001120,0,,0,,0,,0,,0,,0
Croydon 033B,E01001122,0,,0,,0,,10,,0,,0
Croydon 033C,E01001123,0,,0,,0,,5,,0,,0
Croydon 033D,E01001124,0,,0,,5,,10,,0,,0
Croydon 033E,E01001125,0,,0,,0,,5,,0,,0
Croydon 034H,E01001126,0,,0,,0,,5,,0,,0
Croydon 034G,E01001119,0,,0,,0,,5,,0,,0
Croydon 034A,E01001058,0,,0,,0,,5,,0,,0
Croydon 034B,E01001059,0,,0,,0,,5,,0,,0
Croydon 034C,E01001060,0,,0,,0,,0,,0,,0
Croydon 034D,E01001061,0,,0,,0,,0,,0,,0
Croydon 034E,E01001065,0,,0,,0,,0,,0,,0
Croydon 034F,E01001066,0,,0,,0,,0,,0,,0
Croydon 035A,E01001032,0,,0,,0,,15,,0,,0
Croydon 035B,E01001101,0,,0,,0,,10,,0,,0
Croydon 035C,E01001102,0,,0,,0,,5,,0,,0
Croydon 035D,E01001107,0,,0,,0,,30,,0,,0
Croydon 035E,E01001108,0,,0,,20,,5,,0,,0
Croydon 036B,E01001079,0,,0,,0,,0,,0,,0
Croydon 036C,E01001080,0,,0,,0,,0,,0,,0
Croydon 036D,E01001081,0,,0,,0,,0,,0,,0
Croydon 036A,E01001076,0,,0,,0,,0,,0,,0
Croydon 037A,E01001073,0,,0,,0,,10,,0,,0
Croydon 037B,E01001092,0,,0,,0,,15,,0,,0
Croydon 037C,E01001093,5,,0,,0,,30,,0,,0
Croydon 037D,E01001096,0,,0,,0,,25,,0,,0
Croydon 037E,E01001097,0,,0,,0,,60,,0,,0
Croydon 037F,E01001098,0,,0,,0,,10,,0,,0
Croydon 038E,E01001094,0,,0,,0,,10,,0,,0
Croydon 038A,E01001028,0,,0,,0,,20,,0,,0
Croydon 038B,E01001029,10,,0,,150,,5,,0,,0
Croydon 038C,E01001030,0,,0,,0,,25,,0,,0
Croydon 038D,E01001031,0,,0,,0,,5,,0,,0
Croydon 039B,E01001105,0,,0,,0,,5,,0,,0
Croydon 039C,E01001106,0,,0,,0,,10,,0,,0
Croydon 039A,E01001103,0,,0,,0,,5,,0,,0
Croydon 039D,E01001121,0,,0,,0,,10,,0,,0
Croydon 040D,E01001099,0,,0,,0,,5,,0,,0
Croydon 040C,E01001075,0,,0,,0,,10,,0,,0
Croydon 040A,E01001069,0,,0,,0,,5,,0,,0
Croydon 040B,E01001070,0,,0,,0,,10,,0,,0
Croydon 041D,E01001067,0,,0,,0,,15,,0,,0
Croydon 041E,E01001074,0,,0,,0,,5,,0,,0
Croydon 041C,E01001023,0,,0,,0,,5,,250,,0
Croydon 041A,E01001015,0,,0,,0,,0,,0,,0
Croydon 041B,E01001016,0,,0,,0,,40,,20,,0
Croydon 042A,E01001068,0,,0,,0,,15,,5,,0
Croydon 042B,E01001071,0,,0,,0,,10,,0,,0
Croydon 042C,E01001072,0,,0,,0,,10,,0,,0
Croydon 042D,E01001104,0,,0,,0,,10,,0,,0
Croydon 043B,E01001024,0,,0,,0,,0,,0,,0
Croydon 043C,E01001025,0,,0,,0,,5,,0,,0
Croydon 043D,E01001026,0,,0,,0,,0,,0,,0
Croydon 043E,E01001027,0,,0,,0,,10,,0,,0
Croydon 043A,E01001017,0,,0,,0,,10,,0,,0
Croydon 044A,E01001018,0,,0,,0,,5,,0,,0
Croydon 044B,E01001019,0,,0,,0,,5,,0,,0
Croydon 044C,E01001020,0,,0,,0,,15,,0,,0
Croydon 044D,E01001021,0,,0,,0,,0,,0,,0
Croydon 044E,E01001022,0,,0,,0,,5,,0,,0
Ealing 001B,E01001271,0,,0,,0,,5,,0,,0
Ealing 001A,E01001269,5,,0,,0,,5,,0,,0
Ealing 001C,E01001309,0,,0,,0,,0,,0,,0
Ealing 001D,E01001310,0,,0,,0,,0,,0,,0
Ealing 001E,E01001311,0,,0,,0,,5,,0,,0
Ealing 002C,E01001312,0,,0,,0,,5,,0,,0
Ealing 002D,E01001313,0,,0,,0,,5,,0,,0
Ealing 002E,E01001314,0,,0,,0,,0,,0,,0
Ealing 002A,E01001307,0,,0,,0,,5,,0,,0
Ealing 002B,E01001308,0,,0,,0,,5,,0,,0
Ealing 003A,E01001315,0,,0,,0,,0,,0,,0
Ealing 003B,E01001316,0,,0,,0,,5,,0,,0
Ealing 003C,E01001317,0,,0,,0,,5,,0,,0
Ealing 003D,E01001318,0,,0,,0,,5,,0,,0
Ealing 003E,E01001320,0,,0,,0,,0,,0,,0
Ealing 003F,E01001321,0,,0,,0,,0,,0,,0
Ealing 004C,E01001322,0,,0,,0,,5,,0,,0
Ealing 004D,E01001323,0,,0,,0,,10,,0,,0
Ealing 004B,E01001319,0,,0,,0,,10,,0,,0
Ealing 004A,E01001270,0,,0,,0,,5,,0,,0
Ealing 005A,E01001341,5,,0,,5,,20,,0,,0
Ealing 005B,E01001342,0,,0,,0,,10,,0,,0
Ealing 005C,E01001343,0,,0,,0,,25,,0,,0
Ealing 005D,E01001345,0,,0,,0,,5,,0,,0
Ealing 006E,E01001349,0,,0,,0,,0,,0,,0
Ealing 006D,E01001272,15,,0,,0,,10,,0,,0
Ealing 006A,E01001265,45,,5,,175,,5,,0,,0
Ealing 006B,E01001266,0,,0,,5,,10,,0,,0
Ealing 006C,E01001267,0,,0,,0,,10,,0,,0
Ealing 007B,E01001346,0,,0,,0,,0,,0,,0
Ealing 007C,E01001347,15,,0,,0,,90,,0,,0
Ealing 007D,E01001348,0,,0,,0,,20,,0,,0
Ealing 007A,E01001344,45,,100,,45,,15,,0,,0
Ealing 008B,E01001324,0,,0,,0,,0,,0,,0
Ealing 008C,E01001326,0,,0,,0,,5,,0,,0
Ealing 008D,E01001330,0,,0,,0,,0,,0,,0
Ealing 008E,E01001332,0,,0,,0,,5,,0,,0
Ealing 008A,E01001257,0,,0,,0,,0,,0,,0
Ealing 009E,E01001331,0,,0,,0,,0,,0,,0
Ealing 009B,E01001327,0,,0,,125,,10,,0,,0
Ealing 009C,E01001328,0,,0,,0,,0,,0,,0
Ealing 009D,E01001329,0,,0,,0,,5,,0,,0
Ealing 009A,E01001325,0,,0,,0,,5,,0,,0
Ealing 010B,E01001258,0,,0,,0,,5,,0,,0
Ealing 010A,E01001256,0,,0,,5,,10,,0,,0
Ealing 010C,E01001262,0,,0,,0,,0,,0,,0
Ealing 010D,E01001263,0,,0,,0,,0,,0,,0
Ealing 010E,E01001264,0,,0,,0,,5,,0,,0
Ealing 011A,E01001276,5,,10,,5,,10,,0,,0
Ealing 011B,E01001277,90,,30,,10,,60,,15,,0
Ealing 011C,E01001278,5,,0,,0,,50,,0,,0
Ealing 011D,E01001280,0,,0,,0,,15,,0,,0
Ealing 012B,E01001260,5,,0,,0,,10,,0,,0
Ealing 012C,E01001261,0,,0,,15,,0,,0,,0
Ealing 012D,E01001268,0,,0,,0,,5,,0,,0
Ealing 012A,E01001218,0,,0,,0,,0,,0,,0
Ealing 013B,E01001211,0,,0,,5,,20,,0,,0
Ealing 013A,E01001209,5,,75,,0,,15,,0,,0
Ealing 013C,E01001279,5,,0,,0,,10,,0,,0
Ealing 013D,E01001281,5,,0,,0,,15,,0,,0
Ealing 014C,E01001291,0,,0,,0,,5,,0,,0
Ealing 014D,E01001292,0,,0,,0,,5,,0,,0
Ealing 014E,E01001293,0,,0,,0,,0,,0,,0
Ealing 014B,E01001259,0,,0,,0,,5,,0,,0
Ealing 014A,E01001217,0,,0,,0,,0,,0,,0
Ealing 015B,E01001238,15,,0,,50,,10,,0,,0
Ealing 015C,E01001239,40,,0,,0,,0,,0,,0
Ealing 015A,E01001196,0,,0,,0,,10,,0,,0
Ealing 015D,E01001246,20,,50,,125,,25,,0,,0
Ealing 015E,E01001247,230,,350,,30,,120,,20,,0
Ealing 016B,E01001282,0,,0,,0,,0,,0,,0
Ealing 016C,E01001283,0,,0,,0,,0,,0,,0
Ealing 016D,E01001285,0,,0,,0,,0,,0,,0
Ealing 016E,E01001286,0,,0,,0,,0,,0,,0
Ealing 016F,E01001287,0,,0,,0,,0,,0,,0
Ealing 016A,E01001210,0,,0,,0,,10,,0,,0
Ealing 017A,E01001294,0,,0,,0,,5,,0,,0
Ealing 017B,E01001295,0,,0,,0,,0,,0,,0
Ealing 017C,E01001296,0,,0,,0,,5,,0,,0
Ealing 017D,E01001297,0,,0,,0,,5,,0,,0
Ealing 017E,E01001298,0,,0,,0,,5,,0,,0
Ealing 018A,E01001204,0,,0,,0,,10,,0,,0
Ealing 018B,E01001205,0,,0,,0,,0,,0,,0
Ealing 018C,E01001206,0,,0,,0,,0,,0,,0
Ealing 018D,E01001207,0,,0,,0,,20,,0,,0
Ealing 018E,E01001208,5,,0,,0,,15,,0,,0
Ealing 018F,E01001212,0,,0,,0,,10,,0,,0
Ealing 019A,E01001222,150,,0,,10,,70,,5,,0
Ealing 019B,E01001224,10,,0,,0,,15,,0,,0
Ealing 019C,E01001226,0,,0,,5,,20,,0,,0
Ealing 019D,E01001227,5,,0,,0,,5,,0,,0
Ealing 019E,E01001228,0,,0,,175,,30,,0,,0
Ealing 020C,E01001225,0,,0,,0,,25,,0,,0
Ealing 020B,E01001223,5,,0,,0,,10,,0,,0
Ealing 020D,E01001235,5,,0,,0,,15,,5,,0
Ealing 020E,E01001236,5,,0,,0,,10,,0,,0
Ealing 020A,E01001221,0,,0,,75,,20,,0,,0
Ealing 020F,E01001273,0,,0,,45,,20,,0,,0
Ealing 020G,E01001274,0,,0,,0,,10,,0,,0
Ealing 020H,E01001275,0,,0,,0,,20,,0,,0
Ealing 021A,E01001195,0,,0,,0,,20,,0,,0
Ealing 021B,E01001197,0,,0,,0,,0,,0,,0
Ealing 021C,E01001198,5,,0,,0,,10,,0,,0
Ealing 021D,E01001199,5,,0,,0,,10,,0,,0
Ealing 022B,E01001288,5,,0,,0,,5,,0,,0
Ealing 022C,E01001289,0,,0,,0,,10,,0,,0
Ealing 022D,E01001290,0,,0,,0,,5,,0,,0
Ealing 022A,E01001284,0,,0,,0,,5,,0,,0
Ealing 023E,E01001361,10,,0,,5,,5,,0,,0
Ealing 023A,E01001213,0,,0,,0,,0,,0,,0
Ealing 023B,E01001214,0,,0,,0,,5,,0,,0
Ealing 023C,E01001215,0,,0,,0,,5,,0,,0
Ealing 023D,E01001216,0,,0,,0,,5,,0,,0
Ealing 024A,E01001240,5,,0,,0,,5,,0,,0
Ealing 024B,E01001241,0,,0,,0,,5,,0,,0
Ealing 024C,E01001242,5,,0,,0,,5,,0,,0
Ealing 024D,E01001243,5,,0,,0,,5,,0,,0
Ealing 024E,E01001244,5,,0,,0,,5,,0,,0
Ealing 024F,E01001245,5,,0,,0,,5,,0,,5
Ealing 025A,E01001200,5,,0,,0,,5,,0,,0
Ealing 025B,E01001201,5,,0,,0,,5,,0,,0
Ealing 025C,E01001202,0,,0,,0,,5,,0,,0
Ealing 025D,E01001203,5,,0,,0,,5,,0,,0
Ealing 025E,E01001351,10,,0,,5,,5,,0,,0
Ealing 026A,E01001359,0,,0,,0,,5,,0,,0
Ealing 026B,E01001360,0,,0,,0,,0,,0,,0
Ealing 026C,E01001362,0,,0,,0,,0,,0,,0
Ealing 026D,E01001363,0,,0,,0,,5,,0,,0
Ealing 026E,E01001364,0,,0,,0,,0,,0,,0
Ealing 026F,E01001365,0,,0,,0,,5,,0,,0
Ealing 027D,E01001352,0,,0,,0,,10,,0,,0
Ealing 027C,E01001350,5,,0,,0,,10,,0,,0
Ealing 027E,E01001354,10,,0,,0,,10,,0,,0
Ealing 027B,E01001234,5,,0,,0,,10,,0,,0
Ealing 027A,E01001231,0,,0,,0,,10,,0,,0
Ealing 028C,E01001255,0,,0,,0,,5,,0,,0
Ealing 028A,E01001249,0,,0,,0,,5,,0,,0
Ealing 028B,E01001250,0,,0,,0,,10,,0,,0
Ealing 028D,E01001383,5,,0,,0,,10,,0,,0
Ealing 028E,E01001388,5,,0,,0,,160,,0,,0
Ealing 028F,E01001389,5,,0,,0,,10,,0,,0
Ealing 029C,E01001334,0,,0,,0,,0,,0,,0
Ealing 029D,E01001337,0,,0,,0,,10,,0,,0
Ealing 029E,E01001338,15,,50,,15,,10,,0,,0
Ealing 029F,E01001339,0,,0,,0,,10,,0,,0
Ealing 029G,E01001340,0,,0,,0,,0,,10,,0
Ealing 029A,E01001219,0,,0,,0,,0,,0,,0
Ealing 029B,E01001220,0,,0,,0,,5,,0,,0
Ealing 030A,E01001251,0,,0,,0,,5,,0,,0
Ealing 030B,E01001252,5,,0,,0,,10,,0,,0
Ealing 030C,E01001253,5,,0,,0,,5,,0,,0
Ealing 030D,E01001254,0,,0,,0,,10,,0,,0
Ealing 031C,E01001232,0,,0,,0,,5,,0,,0
Ealing 031D,E01001233,0,,0,,0,,5,,0,,0
Ealing 031E,E01001237,5,,0,,0,,15,,0,,0
Ealing 031F,E01001386,160,,10,,50,,35,,50,,0
Ealing 031A,E01001229,0,,0,,0,,5,,0,,0
Ealing 031B,E01001230,5,,0,,0,,20,,0,,0
Ealing 032E,E01001387,450,,0,,0,,60,,0,,0
Ealing 032C,E01001384,5,,0,,0,,25,,0,,0
Ealing 032D,E01001385,5,,0,,0,,15,,0,,0
Ealing 032A,E01001303,5,,0,,0,,10,,0,,0
Ealing 032B,E01001382,5,,0,,0,,10,,0,,0
Ealing 033A,E01001353,5,,0,,0,,5,,0,,0
Ealing 033B,E01001355,10,,0,,0,,10,,0,,0
Ealing 033C,E01001356,0,,0,,0,,5,,0,,0
Ealing 033D,E01001357,0,,0,,0,,0,,0,,0
Ealing 033E,E01001358,0,,0,,0,,10,,0,,0
Ealing 034A,E01001375,0,,0,,0,,25,,0,,0
Ealing 034B,E01001377,0,,0,,0,,20,,0,,0
Ealing 034C,E01001379,5,,0,,0,,5,,0,,0
Ealing 034D,E01001381,70,,20,,0,,50,,5,,20
Ealing 035C,E01001305,5,,0,,0,,20,,0,,0
Ealing 035D,E01001306,5,,0,,0,,10,,0,,0
Ealing 035B,E01001299,10,,0,,0,,30,,0,,0
Ealing 035A,E01001248,0,,0,,0,,5,,0,,0
Ealing 036A,E01001374,5,,0,,0,,10,,0,,0
Ealing 036D,E01001380,5,,0,,0,,15,,0,,0
Ealing 036C,E01001378,5,,0,,0,,30,,0,,0
Ealing 036B,E01001376,5,,0,,0,,10,,0,,0
Ealing 037D,E01001370,5,,0,,0,,5,,0,,0
Ealing 037E,E01001371,0,,15,,0,,5,,0,,0
Ealing 037F,E01001372,0,,0,,0,,0,,0,,0
Ealing 037G,E01001373,0,,0,,0,,0,,0,,0
Ealing 037A,E01001366,0,,0,,0,,15,,0,,0
Ealing 037B,E01001367,0,,0,,0,,5,,0,,0
Ealing 037C,E01001368,0,,0,,0,,0,,0,,0
Ealing 038D,E01001369,0,,0,,0,,5,,0,,0
Ealing 038B,E01001335,0,,0,,0,,0,,0,,0
Ealing 038C,E01001336,0,,0,,0,,5,,0,,0
Ealing 038A,E01001333,0,,50,,0,,10,,0,,0
Ealing 039A,E01001300,5,,0,,0,,10,,0,,0
Ealing 039B,E01001301,10,,0,,0,,10,,0,,0
Ealing 039C,E01001302,5,,0,,0,,20,,0,,0
Ealing 039D,E01001304,10,,0,,0,,10,,0,,0
Enfield 001B,E01001446,0,,0,,0,,5,,0,,0
Enfield 001A,E01001444,0,,0,,0,,0,,0,,0
Enfield 001C,E01001546,0,,0,,0,,0,,0,,0
Enfield 001D,E01001552,0,,0,,0,,0,,0,,0
Enfield 002C,E01001547,0,,0,,0,,0,,0,,0
Enfield 002D,E01001548,0,,0,,0,,5,,0,,0
Enfield 002B,E01001545,0,,0,,0,,0,,0,,0
Enfield 002E,E01001551,0,,0,,0,,0,,0,,0
Enfield 002A,E01001442,0,,0,,0,,0,,0,,0
Enfield 003A,E01001443,0,,0,,0,,30,,0,,0
Enfield 003B,E01001445,0,,0,,5,,80,,0,,5
Enfield 003C,E01001447,0,,0,,0,,0,,5,,0
Enfield 003D,E01001448,0,,0,,0,,0,,0,,0
Enfield 003E,E01001449,0,,0,,0,,5,,0,,0
Enfield 004A,E01001408,0,,0,,0,,15,,0,,0
Enfield 004B,E01001411,0,,0,,0,,0,,0,,0
Enfield 004C,E01001412,0,,0,,0,,10,,0,,0
Enfield 004D,E01001413,0,,0,,0,,0,,0,,0
Enfield 004E,E01001414,0,,0,,0,,0,,0,,0
Enfield 005B,E01001409,0,,0,,0,,5,,0,,0
Enfield 005C,E01001410,0,,0,,0,,5,,0,,0
Enfield 005A,E01001407,0,,0,,0,,0,,0,,0
Enfield 005D,E01001516,10,,0,,0,,5,,5,,0
Enfield 005E,E01001537,0,,0,,0,,5,,0,,0
Enfield 006D,E01001549,0,,0,,0,,0,,0,,0
Enfield 006E,E01001550,0,,0,,0,,0,,0,,0
Enfield 006C,E01001517,0,,0,,0,,0,,0,,0
Enfield 006A,E01001439,0,,0,,0,,0,,0,,0
Enfield 006B,E01001441,0,,0,,0,,0,,0,,0
Enfield 007E,E01001438,0,,0,,0,,5,,0,,0
Enfield 007A,E01001433,0,,0,,0,,0,,0,,0
Enfield 007B,E01001434,0,,0,,0,,0,,0,,0
Enfield 007C,E01001435,0,,0,,0,,0,,0,,0
Enfield 007D,E01001436,0,,0,,0,,0,,0,,0
Enfield 008B,E01001536,5,,0,,5,,40,,0,,0
Enfield 008C,E01001540,0,,0,,0,,5,,0,,0
Enfield 008D,E01001541,0,,0,,0,,5,,0,,0
Enfield 008E,E01001542,0,,0,,0,,5,,0,,0
Enfield 008A,E01001469,0,,0,,0,,5,,0,,0
Enfield 009C,E01001543,0,,0,,0,,5,,0,,0
Enfield 009D,E01001544,0,,0,,0,,5,,0,,0
Enfield 009A,E01001538,0,,0,,0,,0,,0,,0
Enfield 009B,E01001539,0,,0,,0,,5,,0,,0
Enfield 010C,E01001471,0,,0,,0,,5,,0,,0
Enfield 010D,E01001472,0,,0,,0,,10,,0,,0
Enfield 010E,E01001474,0,,0,,0,,5,,0,,0
Enfield 010B,E01001468,0,,0,,0,,0,,0,,0
Enfield 010A,E01001457,0,,0,,0,,350,,0,,0
Enfield 011A,E01001415,0,,0,,5,,20,,0,,0
Enfield 011B,E01001417,0,,0,,0,,15,,10,,0
Enfield 011C,E01001418,0,,0,,0,,5,,0,,0
Enfield 011D,E01001422,0,,0,,0,,5,,0,,0
Enfield 012A,E01001440,0,,0,,0,,0,,0,,0
Enfield 012B,E01001504,0,,0,,0,,0,,0,,0
Enfield 012C,E01001505,0,,0,,0,,0,,0,,0
Enfield 012D,E01001507,0,,0,,0,,0,,0,,0
Enfield 012E,E01001508,0,,0,,0,,5,,0,,0
Enfield 012F,E01001513,100,,0,,5,,210,,15,,0
Enfield 013D,E01001475,0,,0,,0,,20,,0,,0
Enfield 013C,E01001473,0,,0,,0,,10,,0,,0
Enfield 013B,E01001470,0,,0,,0,,5,,0,,0
Enfield 013A,E01001416,0,,0,,0,,10,,0,,0
Enfield 014A,E01001437,0,,0,,0,,100,,0,,0
Enfield 014B,E01001506,0,,0,,0,,0,,0,,0
Enfield 014C,E01001509,0,,0,,0,,0,,0,,0
Enfield 014D,E01001510,0,,0,,0,,0,,0,,0
Enfield 015D,E01001512,5,,0,,0,,35,,0,,0
Enfield 015E,E01001515,0,,0,,0,,5,,0,,0
Enfield 015C,E01001450,0,,30,,0,,15,,0,,0
Enfield 015A,E01001405,0,,0,,10,,5,,0,,0
Enfield 015B,E01001406,0,,0,,0,,5,,0,,0
Enfield 016A,E01001401,0,,0,,0,,0,,0,,0
Enfield 016E,E01001514,0,,0,,0,,0,,0,,0
Enfield 016D,E01001511,0,,0,,0,,0,,50,,0
Enfield 016F,E01001518,0,,0,,0,,15,,0,,0
Enfield 016B,E01001478,0,,0,,0,,0,,0,,0
Enfield 016C,E01001484,0,,0,,75,,5,,0,,0
Enfield 017A,E01001451,0,,0,,15,,10,,0,,0
Enfield 017B,E01001452,5,,0,,0,,10,,0,,0
Enfield 017C,E01001453,0,,5,,0,,5,,0,,0
Enfield 017D,E01001454,0,,0,,0,,10,,0,,0
Enfield 018C,E01001481,0,,0,,0,,5,,0,,0
Enfield 018A,E01001476,0,,0,,0,,0,,0,,0
Enfield 018B,E01001477,0,,0,,0,,5,,0,,0
Enfield 018D,E01001502,0,,0,,0,,0,,0,,0
Enfield 018E,E01001503,0,,0,,0,,5,,0,,0
Enfield 019B,E01001522,0,,0,,0,,10,,0,,0
Enfield 019C,E01001523,0,,0,,0,,15,,0,,0
Enfield 019D,E01001524,0,,0,,0,,5,,0,,0
Enfield 019A,E01001520,0,,0,,5,,20,,0,,0
Enfield 019E,E01001526,0,,5,,0,,20,,0,,0
Enfield 020E,E01001525,0,,0,,0,,5,,0,,0
Enfield 020D,E01001519,15,,0,,20,,50,,15,,0
Enfield 020A,E01001419,0,,0,,0,,10,,0,,0
Enfield 020B,E01001420,0,,0,,0,,5,,0,,0
Enfield 020C,E01001421,0,,0,,0,,10,,0,,0
Enfield 021D,E01001402,0,,0,,15,,10,,0,,0
Enfield 021E,E01001403,0,,0,,0,,0,,0,,0
Enfield 021A,E01001398,0,,0,,0,,5,,0,,0
Enfield 021B,E01001399,0,,0,,0,,5,,0,,0
Enfield 021C,E01001400,0,,0,,0,,5,,0,,0
Enfield 021F,E01001455,0,,0,,0,,10,,0,,0
Enfield 022A,E01001456,10,,0,,0,,10,,0,,0
Enfield 022C,E01001567,0,,0,,0,,15,,0,,0
Enfield 022D,E01001568,0,,0,,0,,10,,0,,0
Enfield 022E,E01001569,0,,0,,0,,5,,0,,0
Enfield 022B,E01001564,0,,0,,0,,10,,0,,0
Enfield 023E,E01001491,0,,0,,0,,5,,0,,0
Enfield 023D,E01001489,0,,5,,0,,0,,0,,0
Enfield 023B,E01001482,0,,0,,0,,0,,0,,0
Enfield 023A,E01001479,0,,0,,0,,0,,0,,0
Enfield 023C,E01001487,0,,0,,0,,0,,0,,0
Enfield 024E,E01001488,0,,0,,0,,0,,0,,0
Enfield 024D,E01001480,0,,0,,0,,5,,0,,0
Enfield 024A,E01001459,0,,0,,0,,10,,0,,0
Enfield 024B,E01001460,0,,0,,0,,0,,0,,0
Enfield 024C,E01001462,0,,0,,0,,0,,0,,0
Enfield 025A,E01001483,75,,0,,0,,5,,0,,0
Enfield 025B,E01001485,0,,0,,0,,5,,0,,0
Enfield 025C,E01001486,0,,0,,0,,0,,0,,0
Enfield 025D,E01001490,0,,0,,0,,15,,0,,0
Enfield 025E,E01001492,0,,0,,0,,5,,0,,0
Enfield 026B,E01001493,0,,0,,0,,0,,0,,0
Enfield 026C,E01001494,0,,0,,0,,0,,0,,0
Enfield 026D,E01001496,0,,0,,0,,5,,0,,0
Enfield 026A,E01001404,0,,0,,0,,5,,0,,0
Enfield 026E,E01001570,0,,0,,0,,5,,0,,0
Enfield 027A,E01001423,0,,0,,0,,0,,0,,0
Enfield 027B,E01001425,0,,0,,0,,0,,0,,0
Enfield 027C,E01001428,0,,0,,0,,0,,0,,0
Enfield 027E,E01001464,0,,0,,0,,0,,0,,0
Enfield 027D,E01001461,0,,0,,0,,5,,0,,0
Enfield 028A,E01001521,5,,0,,0,,10,,0,,0
Enfield 028B,E01001531,0,,0,,0,,10,,0,,0
Enfield 028C,E01001532,10,,0,,0,,10,,0,,0
Enfield 028D,E01001533,0,,0,,0,,5,,0,,0
Enfield 028E,E01001535,0,,0,,0,,10,,0,,0
Enfield 029A,E01001495,0,,0,,0,,5,,0,,0
Enfield 029B,E01001498,0,,0,,0,,25,,0,,0
Enfield 029D,E01001565,0,,0,,0,,10,,0,,0
Enfield 029E,E01001566,0,,0,,0,,15,,0,,0
Enfield 029C,E01001563,0,,0,,10,,50,,0,,0
Enfield 030D,E01001429,0,,0,,0,,0,,0,,0
Enfield 030E,E01001430,0,,0,,0,,0,,0,,0
Enfield 030B,E01001426,0,,0,,0,,0,,0,,0
Enfield 030C,E01001427,0,,0,,5,,0,,0,,0
Enfield 030A,E01001424,0,,0,,0,,0,,0,,0
Enfield 031B,E01001465,0,,0,,0,,5,,0,,0
Enfield 031C,E01001466,0,,0,,0,,0,,0,,0
Enfield 031D,E01001467,0,,0,,0,,5,,0,,0
Enfield 031A,E01001463,0,,0,,0,,5,,0,,0
Enfield 031F,E01001499,0,,0,,0,,5,,0,,0
Enfield 031E,E01001497,0,,0,,0,,5,,0,,0
Enfield 032B,E01001528,0,,0,,0,,5,,0,,0
Enfield 032C,E01001529,0,,0,,0,,5,,0,,0
Enfield 032D,E01001530,0,,0,,0,,5,,0,,0
Enfield 032E,E01001534,0,,0,,5,,10,,0,,0
Enfield 032A,E01001392,5,,0,,0,,5,,0,,0
Enfield 033A,E01001431,0,,0,,0,,0,,0,,0
Enfield 033B,E01001432,0,,0,,0,,5,,0,,0
Enfield 033C,E01001555,0,,0,,10,,0,,0,,0
Enfield 033D,E01001557,0,,0,,0,,0,,0,,0
Enfield 033E,E01001558,0,,0,,0,,0,,0,,0
Enfield 033F,E01001559,0,,0,,0,,15,,0,,0
Enfield 034B,E01001553,0,,0,,0,,5,,0,,0
Enfield 034C,E01001554,0,,0,,0,,0,,0,,0
Enfield 034D,E01001561,0,,0,,150,,0,,0,,0
Enfield 034E,E01001562,0,,0,,0,,0,,0,,0
Enfield 034A,E01001458,0,,0,,0,,0,,0,,0
Enfield 035A,E01001394,0,,0,,0,,0,,0,,0
Enfield 035B,E01001395,0,,0,,0,,0,,0,,0
Enfield 035C,E01001397,0,,0,,0,,0,,0,,0
Enfield 035D,E01001500,0,,0,,0,,10,,0,,0
Enfield 035E,E01001556,0,,0,,0,,0,,0,,0
Enfield 035F,E01001560,0,,0,,0,,0,,0,,0
Enfield 036E,E01001501,0,,0,,0,,5,,0,,0
Enfield 036F,E01001527,0,,0,,0,,10,,0,,0
Enfield 036D,E01001396,0,,0,,0,,0,,0,,0
Enfield 036C,E01001393,0,,0,,0,,5,,0,,0
Enfield 036A,E01001390,0,,0,,0,,10,,0,,0
Enfield 036B,E01001391,0,,0,,0,,5,,0,,0
Greenwich 001B,E01001692,0,,0,,0,,5,,0,,0
Greenwich 001C,E01001693,0,,0,,0,,0,,0,,0
Greenwich 001D,E01001694,0,,0,,5,,0,,0,,0
Greenwich 001A,E01001690,0,,0,,0,,0,,0,,0
Greenwich 002D,E01001691,0,,0,,0,,25,,0,,0
Greenwich 002A,E01001687,0,,0,,0,,0,,0,,0
Greenwich 002B,E01001688,0,,0,,0,,5,,0,,0
Greenwich 002C,E01001689,0,,0,,0,,15,,15,,0
Greenwich 003A,E01001575,0,,0,,0,,0,,0,,0
Greenwich 003B,E01001576,0,,0,,0,,5,,0,,0
Greenwich 003C,E01001577,0,,0,,0,,0,,0,,0
Greenwich 003D,E01001578,0,,0,,20,,10,,0,,0
Greenwich 003E,E01001579,0,,0,,0,,0,,0,,0
Greenwich 004C,E01001711,0,,0,,0,,20,,0,,0
Greenwich 004D,E01001712,0,,0,,0,,5,,0,,0
Greenwich 004A,E01001707,5,,0,,10,,60,,0,,0
Greenwich 004B,E01001709,0,,0,,0,,5,,0,,0
Greenwich 005D,E01001710,0,,0,,0,,0,,0,,0
Greenwich 005C,E01001708,0,,0,,0,,5,,0,,0
Greenwich 005E,E01001713,0,,0,,0,,0,,0,,0
Greenwich 005A,E01001705,0,,0,,0,,0,,0,,0
Greenwich 005B,E01001706,0,,0,,0,,0,,0,,0
Greenwich 006A,E01001672,0,,0,,0,,0,,0,,0
Greenwich 006B,E01001673,0,,0,,0,,5,,0,,0
Greenwich 006C,E01001674,0,,0,,0,,0,,0,,0
Greenwich 006D,E01001675,0,,5,,0,,0,,0,,0
Greenwich 006E,E01001677,0,,0,,0,,5,,0,,0
Greenwich 007D,E01001635,0,,0,,0,,5,,0,,0
Greenwich 007E,E01001636,0,,0,,0,,0,,0,,0
Greenwich 007A,E01001630,0,,0,,0,,10,,0,,0
Greenwich 007B,E01001631,0,,0,,250,,0,,0,,0
Greenwich 007C,E01001632,0,,0,,0,,5,,0,,0
Greenwich 008A,E01001571,0,,0,,0,,5,,0,,0
Greenwich 008B,E01001572,0,,0,,0,,10,,0,,0
Greenwich 008C,E01001573,0,,0,,0,,0,,0,,0
Greenwich 008D,E01001574,0,,0,,0,,0,,0,,0
Greenwich 009B,E01001633,0,,0,,0,,0,,0,,0
Greenwich 009C,E01001634,0,,0,,0,,0,,0,,0
Greenwich 009D,E01001637,0,,0,,0,,0,,0,,0
Greenwich 009A,E01001629,0,,0,,0,,5,,0,,0
Greenwich 010A,E01001662,0,,0,,0,,10,,0,,0
Greenwich 010B,E01001663,0,,0,,0,,60,,0,,0
Greenwich 010C,E01001664,0,,0,,0,,10,,15,,0
Greenwich 010D,E01001665,0,,0,,0,,10,,0,,0
Greenwich 010E,E01001666,0,,0,,0,,20,,0,,0
Greenwich 010F,E01001667,200,,0,,0,,5,,0,,0
Greenwich 010G,E01001668,5,,0,,0,,10,,0,,0
Greenwich 011A,E01001695,0,,0,,0,,0,,0,,0
Greenwich 011B,E01001696,0,,0,,0,,0,,0,,0
Greenwich 011C,E01001697,0,,0,,0,,5,,0,,0
Greenwich 011E,E01001703,0,,0,,0,,0,,0,,0
Greenwich 011F,E01001704,0,,0,,0,,5,,0,,0
Greenwich 011D,E01001700,0,,0,,0,,0,,0,,0
Greenwich 012D,E01001595,0,,0,,0,,10,,0,,0
Greenwich 012A,E01001588,0,,0,,0,,5,,0,,0
Greenwich 012B,E01001589,0,,0,,0,,0,,0,,0
Greenwich 012C,E01001591,0,,0,,0,,5,,0,,0
Greenwich 013A,E01001669,0,,0,,0,,0,,0,,0
Greenwich 013B,E01001670,0,,0,,0,,0,,0,,0
Greenwich 013C,E01001671,0,,0,,0,,5,,0,,0
Greenwich 013D,E01001676,0,,0,,0,,0,,0,,0
Greenwich 014B,E01001592,0,,5,,0,,10,,0,,0
Greenwich 014C,E01001593,0,,0,,0,,5,,0,,0
Greenwich 014D,E01001594,0,,0,,0,,10,,0,,0
Greenwich 014A,E01001590,0,,0,,0,,15,,0,,0
Greenwich 015A,E01001698,0,,0,,0,,0,,0,,0
Greenwich 015B,E01001699,0,,0,,0,,0,,0,,0
Greenwich 015C,E01001701,0,,0,,50,,0,,0,,0
Greenwich 015D,E01001702,0,,0,,0,,0,,0,,0
Greenwich 016B,E01001585,5,,0,,0,,20,,0,,0
Greenwich 016C,E01001586,0,,0,,0,,0,,0,,0
Greenwich 016D,E01001587,0,,0,,15,,15,,0,,0
Greenwich 016A,E01001581,0,,0,,0,,10,,0,,0
Greenwich 017B,E01001683,0,,0,,0,,5,,0,,0
Greenwich 017C,E01001684,0,,0,,0,,0,,0,,0
Greenwich 017D,E01001685,0,,0,,0,,0,,0,,0
Greenwich 017A,E01001678,0,,0,,0,,5,,0,,0
Greenwich 018A,E01001638,0,,0,,0,,0,,0,,0
Greenwich 018B,E01001639,5,,0,,0,,50,,0,,5
Greenwich 018C,E01001640,0,,0,,0,,5,,0,,0
Greenwich 018D,E01001641,0,,0,,0,,35,,450,,0
Greenwich 018E,E01001642,5,,0,,0,,10,,0,,0
Greenwich 018F,E01001643,0,,5,,0,,45,,0,,0
Greenwich 018G,E01001644,5,,0,,0,,30,,0,,0
Greenwich 019A,E01001646,0,,0,,0,,10,,0,,0
Greenwich 019B,E01001650,0,,0,,0,,0,,0,,0
Greenwich 019C,E01001651,0,,0,,0,,5,,0,,0
Greenwich 019D,E01001652,0,,0,,0,,5,,0,,0
Greenwich 020A,E01001679,0,,0,,0,,5,,0,,0
Greenwich 020B,E01001680,0,,0,,0,,10,,0,,0
Greenwich 020C,E01001681,10,,0,,0,,0,,0,,0
Greenwich 020D,E01001682,0,,0,,0,,5,,0,,0
Greenwich 020E,E01001686,0,,0,,0,,5,,0,,0
Greenwich 021B,E01001582,0,,0,,0,,5,,0,,0
Greenwich 021C,E01001583,0,,0,,0,,5,,0,,0
Greenwich 021D,E01001584,0,,0,,0,,35,,0,,0
Greenwich 021A,E01001580,0,,0,,0,,30,,5,,0
Greenwich 022B,E01001647,0,,0,,0,,10,,0,,0
Greenwich 022C,E01001648,5,,0,,0,,5,,0,,0
Greenwich 022D,E01001649,5,,0,,0,,0,,0,,0
Greenwich 022A,E01001645,0,,0,,0,,5,,0,,0
Greenwich 023A,E01001605,0,,0,,0,,5,,0,,0
Greenwich 023B,E01001606,0,,0,,0,,5,,0,,0
Greenwich 023C,E01001610,0,,0,,0,,5,,0,,0
Greenwich 023D,E01001611,0,,0,,0,,5,,0,,0
Greenwich 024A,E01001622,0,,0,,0,,0,,0,,0
Greenwich 024B,E01001626,0,,0,,0,,0,,0,,0
Greenwich 024C,E01001627,0,,0,,0,,0,,0,,0
Greenwich 024D,E01001628,0,,0,,0,,5,,0,,0
Greenwich 025C,E01001623,0,,0,,0,,10,,0,,0
Greenwich 025D,E01001624,0,,0,,0,,0,,0,,0
Greenwich 025E,E01001625,0,,0,,0,,25,,0,,0
Greenwich 025A,E01001620,0,,0,,0,,0,,0,,0
Greenwich 025B,E01001621,0,,0,,0,,0,,0,,0
Greenwich 026A,E01001656,0,,0,,0,,10,,0,,0
Greenwich 026B,E01001657,0,,0,,0,,5,,0,,0
Greenwich 026C,E01001658,0,,0,,0,,0,,0,,0
Greenwich 026D,E01001659,0,,0,,0,,15,,0,,0
Greenwich 027A,E01001604,0,,0,,0,,10,,0,,0
Greenwich 027B,E01001607,0,,0,,0,,0,,0,,0
Greenwich 027C,E01001608,0,,0,,0,,5,,0,,0
Greenwich 027D,E01001609,0,,0,,350,,0,,0,,0
Greenwich 028A,E01001613,0,,0,,0,,5,,0,,0
Greenwich 028B,E01001614,0,,0,,0,,0,,0,,0
Greenwich 028C,E01001615,0,,0,,10,,10,,0,,0
Greenwich 028D,E01001617,0,,0,,0,,5,,0,,0
Greenwich 029D,E01001660,0,,0,,0,,5,,0,,0
Greenwich 029E,E01001661,0,,0,,0,,0,,0,,0
Greenwich 029A,E01001653,0,,0,,0,,0,,0,,0
Greenwich 029B,E01001654,0,,0,,0,,5,,0,,0
Greenwich 029C,E01001655,0,,0,,0,,0,,0,,0
Greenwich 030C,E01001618,0,,0,,0,,5,,0,,0
Greenwich 030D,E01001619,10,,0,,0,,5,,0,,0
Greenwich 030B,E01001616,0,,0,,0,,0,,0,,0
Greenwich 030A,E01001612,0,,0,,0,,0,,0,,0
Greenwich 031C,E01001602,0,,0,,0,,5,,0,,0
Greenwich 031D,E01001603,0,,0,,0,,0,,0,,0
Greenwich 031A,E01001597,0,,0,,0,,25,,0,,0
Greenwich 031B,E01001598,0,,0,,0,,5,,0,,0
Greenwich 032B,E01001599,0,,0,,0,,5,,0,,0
Greenwich 032C,E01001600,0,,0,,0,,5,,0,,0
Greenwich 032D,E01001601,0,,0,,0,,0,,0,,0
Greenwich 032A,E01001596,0,,0,,0,,10,,0,,0
Harrow 001A,E01002112,0,,0,,0,,20,,0,,0
Harrow 001B,E01002114,0,,0,,0,,5,,0,,0
Harrow 001C,E01002225,5,,0,,0,,10,,0,,0
Harrow 001D,E01002226,10,,0,,5,,25,,0,,0
Harrow 002B,E01002115,0,,0,,0,,10,,0,,0
Harrow 002C,E01002116,0,,0,,0,,5,,0,,0
Harrow 002D,E01002117,0,,0,,0,,50,,0,,0
Harrow 002E,E01002118,0,,0,,5,,25,,0,,0
Harrow 002A,E01002113,0,,0,,0,,20,,0,,0
Harrow 003A,E01002227,5,,0,,0,,5,,0,,0
Harrow 003B,E01002228,0,,0,,0,,5,,0,,0
Harrow 003C,E01002229,0,,0,,0,,15,,0,,0
Harrow 003D,E01002230,0,,0,,0,,10,,0,,0
Harrow 004A,E01002144,0,,0,,0,,10,,0,,0
Harrow 004D,E01002149,0,,0,,0,,5,,0,,0
Harrow 004B,E01002146,0,,0,,0,,15,,0,,0
Harrow 004C,E01002147,0,,0,,0,,10,,0,,0
Harrow 005E,E01002145,0,,5,,0,,5,,0,,0
Harrow 005A,E01002140,0,,0,,0,,10,,0,,0
Harrow 005B,E01002141,0,,0,,0,,10,,0,,0
Harrow 005C,E01002142,0,,0,,0,,10,,0,,0
Harrow 005D,E01002143,0,,0,,0,,10,,0,,0
Harrow 006A,E01002139,5,,0,,0,,0,,0,,0
Harrow 006B,E01002148,0,,0,,0,,10,,0,,0
Harrow 006C,E01002150,0,,0,,5,,110,,0,,0
Harrow 006D,E01002151,0,,0,,0,,5,,0,,0
Harrow 006E,E01002152,0,,0,,0,,10,,0,,0
Harrow 007A,E01002119,0,,5,,75,,70,,5,,0
Harrow 007B,E01002120,0,,0,,0,,5,,0,,0
Harrow 007C,E01002121,0,,0,,0,,5,,0,,0
Harrow 007D,E01002122,0,,0,,0,,0,,0,,0
Harrow 007E,E01002123,0,,0,,0,,0,,0,,0
Harrow 008A,E01002106,5,,0,,0,,10,,0,,0
Harrow 008B,E01002108,0,,0,,0,,15,,0,,0
Harrow 008C,E01002109,10,,0,,0,,20,,0,,0
Harrow 008D,E01002110,0,,0,,0,,15,,0,,0
Harrow 008E,E01002111,0,,0,,0,,10,,0,,0
Harrow 009A,E01002185,0,,0,,0,,5,,0,,0
Harrow 009B,E01002186,0,,0,,0,,10,,0,,0
Harrow 009C,E01002187,0,,0,,0,,20,,0,,0
Harrow 009D,E01002190,0,,0,,0,,15,,0,,0
Harrow 010C,E01002198,0,,0,,0,,5,,0,,0
Harrow 010D,E01002200,0,,0,,0,,10,,0,,0
Harrow 010E,E01002203,0,,0,,0,,15,,0,,0
Harrow 010A,E01002124,0,,0,,0,,0,,0,,0
Harrow 010B,E01002125,0,,0,,0,,5,,0,,0
Harrow 011A,E01002232,0,,0,,0,,10,,0,,0
Harrow 011B,E01002233,0,,0,,0,,15,,0,,0
Harrow 011C,E01002234,0,,0,,0,,5,,0,,0
Harrow 011D,E01002235,0,,0,,0,,0,,0,,0
Harrow 011E,E01002236,0,,0,,0,,0,,0,,0
Harrow 012D,E01002201,0,,0,,0,,10,,0,,0
Harrow 012E,E01002202,0,,0,,0,,5,,0,,0
Harrow 012C,E01002199,0,,0,,0,,5,,0,,0
Harrow 012B,E01002197,0,,0,,0,,5,,0,,0
Harrow 012A,E01002107,0,,0,,0,,5,,0,,0
Harrow 013E,E01002231,0,,0,,0,,10,,0,,0
Harrow 013C,E01002183,0,,0,,0,,10,,0,,0
Harrow 013D,E01002184,0,,0,,0,,10,,0,,0
Harrow 013A,E01002179,0,,0,,0,,10,,0,,0
Harrow 013B,E01002180,0,,0,,0,,5,,0,,0
Harrow 014A,E01002172,0,,0,,0,,5,,0,,0
Harrow 014B,E01002173,0,,5,,0,,10,,0,,0
Harrow 014C,E01002177,0,,0,,0,,5,,0,,0
Harrow 014D,E01002178,0,,0,,0,,10,,0,,0
Harrow 015C,E01002162,0,,0,,0,,10,,0,,0
Harrow 015D,E01002163,0,,0,,0,,10,,0,,0
Harrow 015B,E01002156,0,,0,,0,,10,,0,,0
Harrow 015A,E01002154,0,,0,,0,,20,,0,,0
Harrow 016A,E01002188,0,,0,,0,,15,,0,,0
Harrow 016B,E01002189,0,,0,,0,,45,,0,,0
Harrow 016C,E01002192,0,,0,,0,,25,,0,,0
Harrow 016D,E01002193,0,,0,,0,,30,,0,,0
Harrow 017A,E01002165,0,,0,,0,,10,,0,,0
Harrow 017B,E01002166,0,,0,,0,,10,,0,,0
Harrow 017C,E01002167,0,,0,,0,,10,,0,,0
Harrow 017D,E01002168,0,,0,,0,,5,,0,,0
Harrow 017E,E01002169,0,,0,,0,,5,,0,,0
Harrow 018A,E01002170,0,,0,,0,,5,,0,,0
Harrow 018B,E01002171,0,,0,,0,,15,,0,,0
Harrow 018C,E01002174,0,,0,,0,,10,,0,,0
Harrow 018D,E01002175,0,,0,,5,,15,,0,,0
Harrow 018E,E01002176,0,,0,,0,,30,,0,,0
Harrow 019C,E01002157,0,,0,,0,,5,,0,,0
Harrow 019D,E01002158,0,,0,,0,,5,,0,,0
Harrow 019B,E01002155,0,,0,,0,,20,,0,,0
Harrow 019A,E01002153,0,,0,,0,,30,,0,,0
Harrow 020A,E01002128,0,,0,,0,,25,,0,,0
Harrow 020B,E01002130,0,,5,,0,,70,,0,,5
Harrow 020C,E01002181,0,,0,,10,,15,,0,,0
Harrow 020D,E01002182,10,,0,,0,,15,,0,,0
Harrow 021A,E01002159,0,,0,,0,,20,,0,,10
Harrow 021B,E01002160,0,,0,,0,,20,,0,,0
Harrow 021C,E01002161,0,,5,,0,,80,,5,,0
Harrow 021D,E01002164,0,,0,,0,,10,,0,,0
Harrow 022B,E01002194,0,,0,,5,,15,,0,,0
Harrow 022C,E01002195,0,,0,,0,,10,,0,,0
Harrow 022D,E01002196,0,,0,,0,,30,,0,,5
Harrow 022A,E01002191,0,,0,,40,,30,,0,,0
Harrow 023D,E01002131,0,,0,,0,,5,,0,,0
Harrow 023C,E01002129,75,,0,,600,,200,,10,,0
Harrow 023A,E01002126,20,,0,,30,,130,,0,,0
Harrow 023B,E01002127,0,,0,,0,,10,,0,,0
Harrow 024A,E01002237,0,,0,,0,,10,,0,,0
Harrow 024B,E01002238,0,,0,,0,,10,,0,,0
Harrow 024C,E01002240,0,,0,,0,,5,,0,,0
Harrow 024D,E01002242,0,,0,,0,,20,,0,,0
Harrow 025D,E01002241,0,,0,,0,,5,,0,,0
Harrow 025C,E01002239,10,,0,,0,,20,,0,,0
Harrow 025A,E01002208,0,,0,,0,,20,,0,,0
Harrow 025B,E01002209,0,,0,,0,,70,,0,,0
Harrow 026E,E01002210,0,,0,,0,,5,,0,,0
Harrow 026A,E01002204,0,,0,,0,,30,,0,,0
Harrow 026B,E01002205,0,,0,,0,,20,,0,,0
Harrow 026C,E01002206,0,,0,,0,,10,,0,,0
Harrow 026D,E01002207,0,,0,,0,,10,,0,,0
Harrow 027D,E01002213,0,,0,,0,,45,,5,,0
Harrow 027A,E01002133,0,,0,,175,,15,,0,,0
Harrow 027B,E01002136,0,,0,,0,,5,,0,,0
Harrow 027C,E01002138,0,,0,,0,,5,,0,,0
Harrow 028A,E01002211,0,,0,,0,,5,,0,,0
Harrow 028B,E01002212,0,,0,,0,,10,,0,,0
Harrow 028C,E01002216,0,,0,,0,,15,,0,,0
Harrow 028D,E01002217,0,,0,,0,,0,,0,,0
Harrow 029D,E01002137,0,,0,,0,,10,,0,,0
Harrow 029B,E01002134,0,,0,,0,,10,,0,,0
Harrow 029C,E01002135,0,,0,,0,,15,,0,,0
Harrow 029A,E01002132,5,,0,,0,,60,,0,,0
Harrow 030A,E01002218,0,,0,,0,,5,,0,,0
Harrow 030B,E01002219,0,,0,,0,,10,,0,,0
Harrow 030C,E01002221,0,,0,,0,,10,,0,,0
Harrow 030D,E01002222,0,,0,,0,,10,,0,,0
Harrow 031D,E01002223,0,,0,,0,,5,,0,,0
Harrow 031E,E01002224,0,,0,,0,,5,,0,,0
Harrow 031C,E01002220,0,,0,,0,,5,,0,,0
Harrow 031A,E01002214,0,,0,,0,,5,,0,,0
Harrow 031B,E01002215,0,,0,,0,,0,,0,,0
Havering 001A,E01002276,0,,0,,0,,5,,0,,0
Havering 001B,E01002278,0,,0,,0,,0,,0,,0
Havering 001C,E01002312,0,,0,,0,,0,,0,,0
Havering 001D,E01002313,0,,0,,0,,0,,0,,0
Havering 002E,E01002299,0,,0,,0,,10,,0,,0
Havering 002B,E01002279,0,,0,,0,,0,,0,,0
Havering 002C,E01002281,0,,0,,0,,0,,0,,0
Havering 002D,E01002283,0,,0,,0,,5,,0,,0
Havering 002A,E01002277,0,,0,,0,,0,,0,,0
Havering 003A,E01002301,0,,0,,0,,5,,0,,0
Havering 003D,E01002306,0,,0,,0,,0,,0,,0
Havering 003E,E01002307,0,,0,,0,,0,,0,,0
Havering 003B,E01002303,0,,0,,0,,5,,0,,0
Havering 003C,E01002304,0,,0,,0,,0,,0,,0
Havering 004F,E01002316,0,,0,,0,,50,,0,,0
Havering 004E,E01002314,0,,0,,0,,0,,0,,0
Havering 004D,E01002297,0,,0,,0,,0,,0,,0
Havering 004C,E01002284,0,,0,,0,,0,,0,,0
Havering 004B,E01002282,0,,0,,0,,20,,0,,0
Havering 004A,E01002280,0,,0,,0,,0,,0,,0
Havering 005A,E01002302,0,,0,,0,,5,,0,,0
Havering 005C,E01002308,0,,0,,0,,0,,0,,0
Havering 005B,E01002305,0,,0,,0,,0,,0,,0
Havering 005E,E01002331,0,,0,,0,,5,,0,,0
Havering 005D,E01002326,0,,0,,0,,0,,0,,0
Havering 006A,E01002309,5,,0,,0,,5,,0,,0
Havering 006B,E01002310,0,,0,,5,,10,,0,,0
Havering 006C,E01002311,0,,0,,0,,0,,0,,0
Havering 006D,E01002315,0,,0,,0,,0,,0,,0
Havering 007E,E01002300,0,,0,,125,,0,,0,,0
Havering 007D,E01002298,0,,0,,25,,5,,0,,0
Havering 007C,E01002296,0,,0,,0,,5,,0,,0
Havering 007A,E01002293,0,,0,,30,,5,,0,,0
Havering 007B,E01002294,5,,0,,10,,5,,0,,0
Havering 008A,E01002333,0,,0,,0,,5,,0,,0
Havering 008B,E01002334,0,,0,,0,,10,,0,,0
Havering 008C,E01002336,0,,0,,0,,0,,0,,0
Havering 008D,E01002339,0,,0,,0,,5,,0,,0
Havering 008E,E01002341,0,,0,,0,,0,,0,,0
Havering 009F,E01002340,0,,0,,0,,0,,0,,0
Havering 009E,E01002338,0,,0,,0,,0,,0,,0
Havering 009D,E01002335,0,,0,,0,,0,,0,,0
Havering 009A,E01002327,0,,0,,0,,0,,0,,0
Havering 009B,E01002328,0,,0,,0,,0,,0,,0
Havering 009C,E01002332,0,,0,,0,,0,,0,,0
Havering 010D,E01002377,0,,0,,0,,5,,0,,0
Havering 010E,E01002378,0,,0,,0,,0,,0,,0
Havering 010F,E01002383,0,,0,,0,,15,,0,,0
Havering 010C,E01002295,0,,0,,0,,5,,0,,0
Havering 010A,E01002268,0,,0,,0,,5,,0,,0
Havering 010B,E01002269,0,,0,,0,,5,,0,,0
Havering 011A,E01002244,0,,0,,0,,0,,0,,0
Havering 011B,E01002245,0,,0,,0,,5,,0,,0
Havering 011D,E01002329,0,,0,,0,,5,,10,,0
Havering 011E,E01002330,0,,0,,0,,0,,0,,0
Havering 011C,E01002325,0,,0,,0,,0,,0,,0
Havering 012A,E01002337,0,,0,,0,,5,,0,,0
Havering 012C,E01002376,0,,0,,0,,0,,0,,0
Havering 012D,E01002379,0,,0,,0,,20,,0,,0
Havering 012E,E01002380,0,,0,,0,,0,,0,,0
Havering 012F,E01002381,0,,0,,0,,5,,0,,0
Havering 012B,E01002354,0,,0,,0,,10,,0,,0
Havering 013C,E01002356,50,,0,,250,,5,,0,,0
Havering 013D,E01002357,0,,0,,10,,30,,5,,0
Havering 013B,E01002353,0,,0,,0,,5,,5,,0
Havering 013A,E01002243,0,,0,,0,,5,,0,,0
Havering 014B,E01002274,0,,0,,0,,10,,0,,0
Havering 014A,E01002272,0,,0,,0,,5,,0,,0
Havering 014F,E01002382,0,,0,,0,,5,,0,,0
Havering 014E,E01002355,0,,0,,0,,5,,0,,0
Havering 014C,E01002317,0,,0,,0,,5,,0,,0
Havering 014D,E01002318,0,,0,,0,,5,,0,,0
Havering 015C,E01002273,0,,0,,0,,5,,0,,0
Havering 015D,E01002275,0,,0,,0,,5,,0,,0
Havering 015A,E01002270,0,,0,,0,,0,,0,,0
Havering 015B,E01002271,5,,0,,0,,5,,0,,0
Havering 016A,E01002319,0,,0,,0,,0,,0,,0
Havering 016B,E01002350,0,,0,,0,,10,,0,,0
Havering 016C,E01002351,0,,0,,0,,10,,0,,0
Havering 016D,E01002352,0,,0,,0,,0,,0,,0
Havering 016E,E01002358,0,,0,,5,,20,,0,,5
Havering 017A,E01002246,0,,0,,0,,0,,0,,0
Havering 017B,E01002247,0,,0,,0,,5,,0,,0
Havering 017C,E01002248,0,,0,,0,,5,,0,,0
Havering 017D,E01002249,0,,0,,0,,10,,0,,0
Havering 017E,E01002250,0,,0,,0,,0,,0,,0
Havering 017F,E01002251,0,,0,,0,,0,,0,,0
Havering 018A,E01002252,0,,0,,0,,5,,0,,0
Havering 018B,E01002256,0,,0,,0,,0,,0,,0
Havering 018C,E01002258,0,,0,,0,,0,,0,,0
Havering 018D,E01002259,0,,0,,0,,5,,0,,0
Havering 018E,E01002391,0,,0,,0,,0,,0,,0
Havering 019D,E01002384,0,,0,,10,,5,,5,,0
Havering 019C,E01002257,0,,0,,0,,20,,0,,0
Havering 019A,E01002253,0,,0,,0,,10,,0,,0
Havering 019B,E01002254,0,,0,,0,,5,,0,,0
Havering 020A,E01002359,0,,0,,5,,5,,0,,0
Havering 020B,E01002360,0,,0,,0,,5,,0,,0
Havering 020C,E01002361,0,,0,,0,,10,,0,,0
Havering 020D,E01002363,0,,0,,0,,0,,0,,0
Havering 020E,E01002367,0,,0,,5,,0,,0,,0
Havering 021A,E01002320,0,,0,,0,,5,,0,,0
Havering 021B,E01002321,0,,0,,0,,5,,0,,0
Havering 021C,E01002322,0,,0,,0,,5,,0,,0
Havering 021D,E01002323,0,,0,,0,,5,,0,,0
Havering 021E,E01002324,0,,0,,0,,0,,0,,0
Havering 022D,E01002362,0,,0,,0,,0,,0,,0
Havering 022E,E01002386,0,,0,,0,,90,,0,,0
Havering 022A,E01002255,0,,0,,0,,0,,0,,0
Havering 022B,E01002289,0,,0,,0,,10,,0,,0
Havering 022C,E01002292,0,,0,,0,,5,,0,,0
Havering 023A,E01002287,0,,0,,0,,5,,0,,0
Havering 023B,E01002291,0,,0,,0,,5,,0,,0
Havering 023C,E01002364,5,,0,,0,,5,,0,,0
Havering 023D,E01002365,0,,0,,0,,0,,0,,0
Havering 023E,E01002366,0,,0,,0,,5,,0,,0
Havering 024B,E01002387,0,,0,,0,,15,,0,,0
Havering 024C,E01002388,0,,0,,0,,5,,0,,0
Havering 024D,E01002389,0,,0,,0,,5,,0,,0
Havering 024E,E01002390,0,,0,,0,,5,,5,,0
Havering 024A,E01002385,0,,0,,0,,10,,0,,0
Havering 025D,E01002288,0,,0,,0,,10,,0,,0
Havering 025E,E01002290,0,,0,,0,,0,,0,,0
Havering 025B,E01002285,0,,0,,0,,0,,0,,0
Havering 025C,E01002286,0,,0,,0,,5,,0,,0
Havering 025A,E01002265,0,,0,,0,,5,,0,,0
Havering 026A,E01002260,0,,0,,0,,5,,0,,0
Havering 026B,E01002261,0,,0,,0,,5,,0,,0
Havering 026C,E01002262,0,,0,,0,,0,,0,,0
Havering 026D,E01002263,0,,0,,0,,0,,0,,0
Havering 026E,E01002264,0,,0,,0,,0,,0,,0
Havering 027A,E01002266,0,,0,,0,,0,,0,,0
Havering 027B,E01002267,0,,0,,0,,0,,0,,0
Havering 027C,E01002372,0,,0,,0,,0,,0,,0
Havering 027D,E01002373,0,,0,,0,,0,,0,,0
Havering 027E,E01002374,0,,0,,0,,0,,0,,0
Havering 028E,E01002375,0,,0,,0,,0,,0,,0
Havering 028A,E01002368,0,,0,,0,,5,,0,,0
Havering 028B,E01002369,0,,0,,0,,0,,0,,0
Havering 028C,E01002370,0,,0,,10,,50,,0,,0
Havering 028D,E01002371,0,,0,,0,,0,,0,,0
Havering 029C,E01002348,0,,0,,0,,0,,0,,0
Havering 029D,E01002349,0,,0,,0,,0,,0,,0
Havering 029A,E01002343,0,,0,,0,,5,,0,,0
Havering 029B,E01002344,0,,0,,0,,0,,0,,0
Havering 030B,E01002345,0,,0,,0,,5,,0,,0
Havering 030C,E01002346,0,,0,,0,,0,,0,,0
Havering 030D,E01002347,0,,0,,0,,15,,0,,0
Havering 030A,E01002342,0,,0,,0,,0,,0,,0
Hillingdon 001B,E01002475,0,,0,,0,,0,,0,,10
Hillingdon 001C,E01002476,0,,0,,5,,15,,0,,0
Hillingdon 001D,E01002477,0,,0,,0,,5,,0,,0
Hillingdon 001E,E01002482,0,,0,,0,,5,,0,,0
Hillingdon 001A,E01002473,0,,0,,0,,15,,0,,0
Hillingdon 002B,E01002474,0,,0,,0,,30,,0,,0
Hillingdon 002D,E01002483,0,,0,,0,,10,,5,,0
Hillingdon 002E,E01002484,0,,0,,0,,15,,0,,0
Hillingdon 002F,E01002485,0,,0,,0,,35,,0,,15
Hillingdon 002C,E01002478,0,,0,,0,,10,,0,,0
Hillingdon 002A,E01002472,0,,0,,0,,10,,0,,0
Hillingdon 003A,E01002438,5,,0,,0,,70,,0,,0
Hillingdon 003B,E01002439,0,,25,,0,,5,,0,,5
Hillingdon 003C,E01002440,0,,0,,0,,0,,0,,0
Hillingdon 003D,E01002441,0,,5,,0,,10,,0,,0
Hillingdon 003E,E01002442,0,,0,,0,,0,,0,,0
Hillingdon 004A,E01002433,5,,0,,0,,5,,0,,0
Hillingdon 004B,E01002436,0,,0,,0,,10,,0,,0
Hillingdon 004C,E01002479,0,,0,,0,,20,,0,,0
Hillingdon 004D,E01002480,0,,0,,0,,10,,0,,0
Hillingdon 004E,E01002481,5,,0,,0,,10,,0,,0
Hillingdon 005A,E01002533,0,,0,,0,,5,,0,,0
Hillingdon 005B,E01002534,0,,0,,10,,10,,0,,0
Hillingdon 005C,E01002538,0,,0,,0,,5,,0,,0
Hillingdon 005D,E01002539,0,,0,,0,,5,,0,,0
Hillingdon 006E,E01002437,0,,0,,0,,10,,0,,0
Hillingdon 006C,E01002431,0,,0,,0,,20,,0,,0
Hillingdon 006D,E01002432,0,,0,,0,,25,,0,,0
Hillingdon 006A,E01002418,0,,0,,0,,10,,0,,0
Hillingdon 006B,E01002419,10,,0,,0,,10,,0,,0
Hillingdon 007B,E01002434,0,,0,,0,,5,,0,,0
Hillingdon 007C,E01002435,0,,0,,0,,15,,0,,0
Hillingdon 007A,E01002430,0,,0,,0,,10,,0,,0
Hillingdon 007E,E01002535,0,,0,,20,,45,,5,,0
Hillingdon 007D,E01002470,0,,0,,0,,10,,0,,0
Hillingdon 008E,E01002471,0,,0,,0,,5,,0,,0
Hillingdon 008C,E01002420,0,,0,,0,,10,,0,,0
Hillingdon 008D,E01002421,0,,0,,0,,10,,0,,0
Hillingdon 008A,E01002416,5,,0,,0,,0,,0,,0
Hillingdon 008B,E01002417,5,,0,,0,,10,,0,,0
Hillingdon 009A,E01002465,0,,0,,0,,5,,0,,0
Hillingdon 009B,E01002467,0,,0,,0,,5,,0,,0
Hillingdon 009C,E01002494,0,,0,,0,,10,,0,,0
Hillingdon 009D,E01002536,0,,0,,0,,5,,0,,0
Hillingdon 009E,E01002537,0,,0,,0,,15,,0,,0
Hillingdon 010E,E01002495,0,,0,,0,,5,,0,,0
Hillingdon 010C,E01002468,0,,0,,0,,5,,0,,0
Hillingdon 010D,E01002469,0,,0,,0,,10,,0,,0
Hillingdon 010B,E01002466,0,,0,,0,,0,,0,,0
Hillingdon 010A,E01002415,0,,0,,0,,0,,0,,0
Hillingdon 011D,E01002462,0,,0,,0,,0,,0,,0
Hillingdon 011A,E01002458,5,,0,,0,,5,,0,,0
Hillingdon 011B,E01002459,0,,0,,0,,10,,0,,0
Hillingdon 011C,E01002460,0,,0,,0,,20,,0,,0
Hillingdon 011E,E01002464,10,,0,,0,,10,,0,,0
Hillingdon 012A,E01002496,0,,0,,0,,10,,15,,0
Hillingdon 012B,E01002497,0,,0,,0,,100,,0,,0
Hillingdon 012C,E01002498,0,,0,,0,,5,,0,,0
Hillingdon 012D,E01002499,0,,0,,0,,5,,0,,0
Hillingdon 012E,E01002500,0,,0,,0,,10,,0,,0
Hillingdon 013C,E01002512,0,,0,,0,,15,,0,,0
Hillingdon 013D,E01002513,0,,0,,0,,10,,0,,0
Hillingdon 013E,E01002516,0,,0,,0,,15,,0,,0
Hillingdon 013A,E01002461,5,,0,,0,,10,,0,,0
Hillingdon 013B,E01002463,0,,0,,0,,15,,0,,0
Hillingdon 014A,E01002450,0,,0,,0,,10,,0,,0
Hillingdon 014B,E01002451,0,,0,,0,,5,,0,,0
Hillingdon 014C,E01002452,0,,0,,0,,5,,0,,0
Hillingdon 014D,E01002453,0,,0,,0,,5,,0,,0
Hillingdon 014E,E01002454,0,,0,,0,,5,,0,,0
Hillingdon 015A,E01002414,0,,0,,0,,15,,0,,5
Hillingdon 015C,E01002514,5,,0,,5,,15,,0,,600
Hillingdon 015D,E01002515,75,,0,,0,,35,,0,,0
Hillingdon 015B,E01002510,0,,0,,0,,0,,0,,0
Hillingdon 015E,E01002522,0,,0,,0,,70,,0,,5
Hillingdon 016D,E01002523,0,,0,,0,,0,,0,,0
Hillingdon 016E,E01002524,0,,0,,0,,20,,0,,0
Hillingdon 016B,E01002520,0,,0,,15,,20,,75,,5
Hillingdon 016C,E01002521,5,,0,,75,,35,,10,,35
Hillingdon 016A,E01002517,0,,0,,0,,35,,0,,0
Hillingdon 017E,E01002511,0,,0,,0,,10,,0,,0
Hillingdon 017D,E01002509,0,,0,,0,,10,,0,,0
Hillingdon 017B,E01002412,0,,0,,0,,5,,0,,0
Hillingdon 017A,E01002410,0,,0,,0,,5,,0,,0
Hillingdon 017C,E01002456,0,,0,,0,,5,,0,,0
Hillingdon 018E,E01002427,0,,0,,0,,5,,0,,0
Hillingdon 018F,E01002428,0,,0,,0,,5,,0,,0
Hillingdon 018A,E01002422,0,,0,,0,,5,,0,,0
Hillingdon 018B,E01002423,0,,0,,0,,10,,0,,0
Hillingdon 018C,E01002424,0,,0,,0,,0,,0,,0
Hillingdon 018D,E01002425,0,,0,,0,,5,,0,,0
Hillingdon 019C,E01002429,0,,0,,0,,0,,0,,0
Hillingdon 019A,E01002408,0,,0,,0,,0,,0,,0
Hillingdon 019B,E01002409,0,,0,,0,,5,,0,,0
Hillingdon 019E,E01002457,0,,0,,0,,0,,0,,0
Hillingdon 019D,E01002455,0,,0,,0,,5,,0,,0
Hillingdon 020A,E01002392,0,,0,,0,,10,,0,,0
Hillingdon 020B,E01002393,0,,0,,0,,5,,0,,0
Hillingdon 020D,E01002542,0,,0,,0,,0,,0,,0
Hillingdon 020E,E01002543,0,,0,,0,,0,,0,,0
Hillingdon 020C,E01002540,0,,0,,0,,5,,0,,0
Hillingdon 021A,E01002394,0,,0,,0,,0,,0,,0
Hillingdon 021B,E01002395,0,,0,,0,,0,,0,,0
Hillingdon 021C,E01002397,0,,0,,5,,5,,0,,0
Hillingdon 021D,E01002398,0,,0,,0,,5,,0,,0
Hillingdon 021E,E01002399,0,,0,,0,,0,,0,,0
Hillingdon 021F,E01002426,0,,0,,0,,5,,0,,0
Hillingdon 022B,E01002413,0,,0,,0,,90,,0,,0
Hillingdon 022A,E01002411,0,,0,,0,,0,,0,,0
Hillingdon 022E,E01002550,0,,0,,0,,0,,0,,0
Hillingdon 022F,E01002554,0,,15,,0,,140,,0,,0
Hillingdon 022C,E01002518,0,,0,,0,,5,,0,,0
Hillingdon 022D,E01002519,0,,0,,0,,25,,0,,0
Hillingdon 023B,E01002544,0,,0,,0,,10,,0,,0
Hillingdon 023C,E01002545,0,,0,,0,,0,,0,,0
Hillingdon 023D,E01002546,0,,0,,0,,5,,0,,0
Hillingdon 023E,E01002547,0,,0,,0,,0,,0,,0
Hillingdon 023A,E01002541,0,,0,,0,,5,,0,,0
Hillingdon 024A,E01002400,0,,0,,0,,5,,0,,0
Hillingdon 024B,E01002401,0,,0,,0,,5,,0,,0
Hillingdon 024C,E01002402,0,,0,,0,,5,,0,,0
Hillingdon 024D,E01002403,0,,0,,0,,0,,0,,0
Hillingdon 024E,E01002404,0,,0,,0,,5,,0,,0
Hillingdon 025C,E01002551,0,,0,,0,,5,,0,,0
Hillingdon 025D,E01002552,0,,0,,0,,0,,0,,0
Hillingdon 025E,E01002553,0,,0,,0,,0,,0,,0
Hillingdon 025A,E01002548,0,,0,,0,,10,,0,,800
Hillingdon 025B,E01002549,0,,0,,0,,10,,0,,0
Hillingdon 026E,E01002508,0,,0,,0,,5,,0,,0
Hillingdon 026D,E01002505,0,,10,,5,,0,,0,,0
Hillingdon 026B,E01002501,0,,0,,0,,10,,0,,0
Hillingdon 026C,E01002502,0,,0,,25,,5,,0,,10
Hillingdon 026A,E01002396,0,,0,,0,,5,,0,,0
Hillingdon 027A,E01002405,0,,0,,5,,175,,75,,0
Hillingdon 027B,E01002406,15,,0,,175,,1125,,5,,0
Hillingdon 027C,E01002503,0,,0,,0,,0,,0,,0
Hillingdon 027D,E01002504,0,,0,,0,,0,,0,,0
Hillingdon 027E,E01002506,0,,150,,0,,5,,0,,0
Hillingdon 027F,E01002507,0,,0,,0,,10,,0,,0
Hillingdon 028A,E01002486,0,,0,,0,,10,,0,,0
Hillingdon 028B,E01002487,0,,0,,0,,5,,0,,0
Hillingdon 028D,E01002528,0,,0,,0,,5,,0,,0
Hillingdon 028C,E01002526,0,,0,,0,,10,,0,,0
Hillingdon 028E,E01002532,0,,0,,0,,10,,0,,0
Hillingdon 029C,E01002529,0,,0,,0,,10,,0,,0
Hillingdon 029D,E01002530,0,,0,,0,,0,,0,,0
Hillingdon 029E,E01002531,0,,0,,0,,15,,0,,0
Hillingdon 029B,E01002525,0,,0,,0,,5,,5,,0
Hillingdon 029A,E01002445,0,,0,,0,,5,,0,,0
Hillingdon 030A,E01002407,0,,0,,10,,20,,0,,0
Hillingdon 030B,E01002488,0,,0,,0,,5,,0,,0
Hillingdon 030C,E01002489,0,,0,,0,,40,,40,,0
Hillingdon 030D,E01002490,0,,0,,0,,10,,0,,0
Hillingdon 030E,E01002492,0,,0,,0,,5,,0,,0
Hillingdon 031D,E01002527,0,,0,,0,,5,,0,,0
Hillingdon 031B,E01002446,0,,0,,25,,10,,0,,0
Hillingdon 031C,E01002447,0,,0,,5,,350,,10,,0
Hillingdon 031A,E01002444,5,,40,,100,,70,,20,,35
Hillingdon 032B,E01002448,0,,0,,0,,5,,0,,0
Hillingdon 032C,E01002449,0,,0,,0,,40,,0,,0
Hillingdon 032A,E01002443,0,,0,,50,,10,,0,,0
Hillingdon 032E,E01002493,0,,0,,0,,0,,0,,0
Hillingdon 032D,E01002491,0,,0,,0,,0,,0,,0
Hounslow 001A,E01002569,650,,0,,0,,25,,0,,0
Hounslow 001B,E01002570,5,,0,,0,,15,,0,,0
Hounslow 001C,E01002573,5,,15,,0,,10,,0,,25
Hounslow 001D,E01002574,0,,0,,0,,20,,0,,0
Hounslow 001E,E01002575,5,,5,,0,,170,,10,,0
Hounslow 002A,E01002687,5,,0,,0,,10,,0,,0
Hounslow 002B,E01002688,30,,45,,15,,190,,5,,0
Hounslow 002C,E01002691,275,,1125,,60,,750,,0,,0
Hounslow 002D,E01002692,225,,0,,0,,120,,0,,0
Hounslow 002E,E01002693,5,,0,,0,,170,,0,,0
Hounslow 003E,E01002685,5,,5,,0,,20,,0,,0
Hounslow 003A,E01002562,5,,0,,0,,20,,0,,0
Hounslow 003B,E01002564,0,,0,,0,,5,,0,,0
Hounslow 003C,E01002566,5,,0,,20,,900,,0,,0
Hounslow 003D,E01002568,30,,0,,0,,10,,0,,0
Hounslow 004A,E01002620,0,,0,,0,,10,,0,,0
Hounslow 004B,E01002625,0,,0,,0,,10,,0,,0
Hounslow 004C,E01002626,0,,0,,0,,5,,0,,0
Hounslow 004D,E01002627,0,,0,,0,,0,,0,,0
Hounslow 004E,E01002631,0,,0,,0,,10,,0,,0
Hounslow 005C,E01002637,0,,0,,0,,40,,0,,0
Hounslow 005D,E01002638,0,,0,,0,,5,,0,,0
Hounslow 005A,E01002633,0,,0,,0,,0,,0,,0
Hounslow 005B,E01002634,0,,0,,0,,5,,0,,350
Hounslow 006D,E01002684,5,,0,,75,,210,,0,,0
Hounslow 006E,E01002686,0,,0,,0,,5,,0,,0
Hounslow 006C,E01002567,5,,0,,0,,10,,0,,0
Hounslow 006B,E01002565,50,,0,,15,,90,,0,,100
Hounslow 006A,E01002563,0,,0,,5,,30,,0,,0
Hounslow 007A,E01002571,5,,0,,0,,10,,0,,0
Hounslow 007B,E01002572,0,,0,,25,,10,,0,,0
Hounslow 007C,E01002577,5,,0,,0,,25,,0,,0
Hounslow 007D,E01002578,5,,0,,0,,15,,0,,0
Hounslow 007E,E01002689,10,,0,,0,,35,,0,,0
Hounslow 007F,E01002690,5,,0,,0,,10,,0,,0
Hounslow 008B,E01002579,5,,0,,0,,10,,0,,0
Hounslow 008C,E01002580,0,,0,,0,,20,,0,,0
Hounslow 008D,E01002581,10,,30,,0,,15,,0,,0
Hounslow 008E,E01002582,10,,0,,0,,10,,0,,0
Hounslow 008A,E01002576,5,,0,,0,,5,,0,,0
Hounslow 009A,E01002675,5,,0,,0,,15,,0,,0
Hounslow 009B,E01002678,0,,9000,,600,,25,,0,,0
Hounslow 009C,E01002679,50,,0,,50,,70,,0,,0
Hounslow 009D,E01002680,0,,0,,0,,30,,0,,0
Hounslow 010D,E01002635,0,,0,,0,,10,,0,,0
Hounslow 010E,E01002636,0,,0,,0,,10,,0,,0
Hounslow 010B,E01002622,0,,0,,0,,15,,0,,0
Hounslow 010A,E01002619,0,,0,,0,,10,,0,,0
Hounslow 010C,E01002632,0,,0,,0,,10,,0,,0
Hounslow 011A,E01002618,0,,0,,0,,10,,0,,0
Hounslow 011C,E01002623,0,,0,,0,,10,,0,,0
Hounslow 011B,E01002621,0,,0,,0,,10,,0,,0
Hounslow 011D,E01002628,0,,0,,0,,5,,0,,0
Hounslow 011E,E01002629,0,,0,,5,,20,,0,,0
Hounslow 012A,E01002630,5,,0,,0,,25,,0,,0
Hounslow 012B,E01002639,0,,0,,0,,25,,0,,0
Hounslow 012C,E01002640,0,,0,,0,,10,,0,,0
Hounslow 012E,E01002676,0,,10,,0,,15,,0,,0
Hounslow 012D,E01002674,0,,0,,0,,15,,0,,0
Hounslow 013A,E01002583,0,,0,,0,,5,,0,,0
Hounslow 013B,E01002584,0,,0,,0,,90,,0,,0
Hounslow 013C,E01002585,0,,0,,0,,0,,0,,0
Hounslow 013D,E01002586,0,,0,,0,,10,,0,,0
Hounslow 013E,E01002589,0,,0,,0,,130,,5,,0
Hounslow 014C,E01002681,0,,0,,0,,5,,0,,0
Hounslow 014D,E01002682,0,,5,,5,,10,,0,,0
Hounslow 014E,E01002683,10,,0,,0,,35,,0,,0
Hounslow 014A,E01002668,0,,0,,0,,15,,0,,0
Hounslow 014B,E01002669,0,,0,,0,,10,,0,,0
Hounslow 015C,E01002645,0,,0,,0,,60,,0,,0
Hounslow 015D,E01002658,5,,0,,0,,10,,0,,0
Hounslow 015E,E01002677,10,,0,,0,,30,,0,,0
Hounslow 015A,E01002642,0,,0,,0,,45,,0,,0
Hounslow 015B,E01002643,0,,0,,0,,20,,0,,0
Hounslow 016C,E01002660,0,,0,,0,,15,,0,,0
Hounslow 016D,E01002661,0,,0,,0,,10,,0,,0
Hounslow 016E,E01002665,0,,0,,0,,5,,0,,0
Hounslow 016A,E01002587,0,,0,,0,,20,,0,,0
Hounslow 016B,E01002588,0,,0,,0,,10,,0,,0
Hounslow 017C,E01002662,0,,0,,0,,160,,10,,0
Hounslow 017D,E01002663,0,,0,,0,,20,,0,,0
Hounslow 017E,E01002664,0,,0,,25,,45,,0,,0
Hounslow 017B,E01002646,0,,0,,0,,20,,0,,0
Hounslow 017A,E01002624,0,,0,,0,,20,,0,,0
Hounslow 018B,E01002644,5,,0,,15,,100,,0,,0
Hounslow 018A,E01002641,0,,0,,0,,20,,0,,0
Hounslow 018C,E01002648,0,,0,,0,,50,,0,,0
Hounslow 018D,E01002649,0,,0,,0,,25,,0,,0
Hounslow 018E,E01002657,0,,0,,0,,15,,0,,0
Hounslow 019E,E01002659,0,,0,,0,,10,,0,,0
Hounslow 019A,E01002653,0,,0,,0,,15,,0,,0
Hounslow 019B,E01002654,0,,0,,0,,10,,0,,0
Hounslow 019C,E01002655,0,,0,,0,,15,,0,,0
Hounslow 019D,E01002656,0,,0,,0,,5,,0,,0
Hounslow 020A,E01002667,0,,0,,0,,10,,0,,0
Hounslow 020B,E01002670,0,,0,,0,,10,,0,,0
Hounslow 020C,E01002671,5,,0,,0,,10,,0,,0
Hounslow 020D,E01002672,0,,0,,0,,5,,0,,0
Hounslow 020E,E01002673,0,,0,,0,,0,,0,,0
Hounslow 021E,E01002666,0,,0,,0,,5,,0,,0
Hounslow 021A,E01002647,0,,0,,0,,25,,0,,0
Hounslow 021B,E01002650,0,,0,,0,,25,,0,,0
Hounslow 021C,E01002651,0,,0,,0,,20,,0,,0
Hounslow 021D,E01002652,0,,0,,0,,20,,0,,0
Hounslow 022C,E01002590,0,,0,,0,,10,,0,,0
Hounslow 022D,E01002592,0,,0,,0,,30,,0,,0
Hounslow 022E,E01002595,0,,0,,0,,5,,0,,0
Hounslow 022A,E01002555,0,,0,,0,,0,,0,,0
Hounslow 022B,E01002556,0,,0,,0,,5,,0,,0
Hounslow 023A,E01002557,0,,0,,0,,5,,0,,0
Hounslow 023B,E01002558,0,,0,,0,,0,,0,,0
Hounslow 023C,E01002559,0,,0,,0,,700,,0,,0
Hounslow 023D,E01002560,0,,0,,0,,0,,0,,0
Hounslow 023E,E01002561,0,,0,,0,,5,,0,,0
Hounslow 024B,E01002593,0,,0,,0,,5,,0,,0
Hounslow 024C,E01002594,0,,0,,0,,20,,0,,0
Hounslow 024A,E01002591,0,,0,,0,,10,,0,,0
Hounslow 024D,E01002611,0,,0,,0,,10,,0,,0
Hounslow 024E,E01002612,75,,0,,0,,10,,0,,0
Hounslow 024F,E01002613,0,,0,,0,,5,,0,,0
Hounslow 025A,E01002597,0,,0,,0,,80,,5,,0
Hounslow 025B,E01002598,0,,0,,0,,5,,0,,0
Hounslow 025C,E01002599,0,,0,,0,,10,,0,,0
Hounslow 025D,E01002600,0,,0,,0,,0,,0,,0
Hounslow 025E,E01002603,0,,0,,0,,15,,0,,0
Hounslow 026A,E01002604,0,,0,,0,,5,,0,,0
Hounslow 026B,E01002605,0,,0,,0,,0,,0,,0
Hounslow 026C,E01002606,0,,0,,0,,0,,0,,0
Hounslow 026D,E01002607,0,,0,,0,,10,,0,,0
Hounslow 026E,E01002615,40,,0,,40,,10,,0,,0
Hounslow 027E,E01002616,0,,0,,0,,0,,0,,0
Hounslow 027B,E01002601,0,,0,,0,,20,,0,,0
Hounslow 027C,E01002602,0,,0,,0,,5,,0,,0
Hounslow 027D,E01002614,0,,100,,0,,500,,0,,0
Hounslow 027A,E01002596,0,,0,,0,,5,,0,,0
Hounslow 028A,E01002608,0,,0,,0,,10,,0,,0
Hounslow 028B,E01002609,0,,0,,0,,10,,0,,0
Hounslow 028C,E01002610,0,,0,,0,,0,,0,,0
Hounslow 028D,E01002617,0,,0,,0,,0,,0,,0
Kingston upon Thames 001A,E01003006,0,,0,,0,,20,,0,,0
Kingston upon Thames 001B,E01003007,0,,0,,0,,40,,0,,0
Kingston upon Thames 001C,E01003008,0,,0,,0,,10,,5,,0
Kingston upon Thames 001D,E01003009,0,,0,,0,,20,,0,,0
Kingston upon Thames 001E,E01003010,5,,0,,0,,10,,0,,0
Kingston upon Thames 002A,E01002952,0,,0,,0,,10,,0,,0
Kingston upon Thames 002B,E01002953,0,,0,,0,,15,,0,,0
Kingston upon Thames 002C,E01002955,0,,0,,0,,0,,0,,0
Kingston upon Thames 002D,E01002956,0,,0,,0,,5,,0,,0
Kingston upon Thames 002E,E01002959,5,,0,,0,,25,,0,,0
Kingston upon Thames 003E,E01002957,0,,0,,0,,0,,0,,0
Kingston upon Thames 003D,E01002954,0,,0,,0,,5,,0,,0
Kingston upon Thames 003C,E01002951,5,,0,,0,,20,,0,,0
Kingston upon Thames 003A,E01002935,5,,0,,0,,30,,0,,0
Kingston upon Thames 003B,E01002938,5,,0,,0,,20,,0,,0
Kingston upon Thames 004C,E01002936,0,,0,,5,,40,,0,,10
Kingston upon Thames 004D,E01002937,0,,0,,0,,20,,5,,0
Kingston upon Thames 004A,E01002933,0,,0,,0,,10,,0,,0
Kingston upon Thames 004B,E01002934,0,,0,,0,,15,,0,,0
Kingston upon Thames 004E,E01003011,0,,0,,0,,10,,0,,0
Kingston upon Thames 005A,E01002964,50,,0,,0,,10,,0,,0
Kingston upon Thames 005B,E01002969,0,,0,,0,,0,,0,,0
Kingston upon Thames 005C,E01002971,0,,0,,0,,20,,0,,0
Kingston upon Thames 005D,E01002972,5,,0,,125,,20,,0,,0
Kingston upon Thames 005E,E01002974,0,,0,,0,,10,,0,,0
Kingston upon Thames 006E,E01002973,0,,0,,0,,25,,0,,0
Kingston upon Thames 006D,E01002970,0,,0,,0,,5,,0,,0
Kingston upon Thames 006A,E01002932,0,,0,,0,,5,,0,,0
Kingston upon Thames 006B,E01002960,0,,0,,0,,10,,0,,0
Kingston upon Thames 006C,E01002962,0,,0,,0,,0,,0,,0
Kingston upon Thames 007D,E01002963,0,,0,,0,,5,,0,,0
Kingston upon Thames 007A,E01002929,0,,0,,0,,10,,0,,0
Kingston upon Thames 007B,E01002930,5,,0,,0,,400,,0,,0
Kingston upon Thames 007C,E01002931,0,,0,,0,,15,,0,,0
Kingston upon Thames 007E,E01002985,0,,0,,0,,5,,0,,0
Kingston upon Thames 008E,E01002986,0,,0,,0,,5,,0,,0
Kingston upon Thames 008A,E01002927,0,,0,,0,,40,,0,,0
Kingston upon Thames 008B,E01002928,0,,0,,0,,15,,0,,0
Kingston upon Thames 008D,E01002961,0,,0,,0,,10,,0,,0
Kingston upon Thames 008C,E01002958,5,,10,,0,,20,,0,,0
Kingston upon Thames 009D,E01002990,0,,0,,0,,25,,0,,0
Kingston upon Thames 009E,E01002991,0,,0,,0,,15,,0,,0
Kingston upon Thames 009A,E01002965,0,,0,,0,,35,,0,,0
Kingston upon Thames 009B,E01002967,5,,0,,0,,10,,0,,0
Kingston upon Thames 009C,E01002968,5,,0,,40,,240,,25,,0
Kingston upon Thames 010C,E01002966,5,,0,,0,,50,,0,,5
Kingston upon Thames 010D,E01002992,0,,0,,0,,10,,0,,0
Kingston upon Thames 010A,E01002922,10,,0,,0,,15,,0,,0
Kingston upon Thames 010B,E01002926,0,,0,,0,,10,,0,,0
Kingston upon Thames 011B,E01002987,5,,0,,0,,60,,10,,0
Kingston upon Thames 011C,E01002988,0,,0,,0,,30,,0,,0
Kingston upon Thames 011D,E01002989,0,,0,,0,,50,,0,,0
Kingston upon Thames 011A,E01002921,5,,0,,10,,20,,0,,0
Kingston upon Thames 012A,E01002975,0,,0,,0,,0,,0,,0
Kingston upon Thames 012B,E01002977,0,,0,,0,,0,,0,,0
Kingston upon Thames 012C,E01002980,0,,0,,0,,5,,0,,0
Kingston upon Thames 012D,E01002981,0,,0,,0,,0,,0,,0
Kingston upon Thames 012E,E01002984,0,,0,,0,,20,,0,,0
Kingston upon Thames 013E,E01002999,0,,0,,0,,30,,0,,0
Kingston upon Thames 013C,E01002993,5,,0,,0,,10,,0,,0
Kingston upon Thames 013D,E01002995,0,,0,,0,,15,,0,,0
Kingston upon Thames 013B,E01002925,0,,0,,0,,20,,0,,0
Kingston upon Thames 013A,E01002923,0,,0,,0,,10,,0,,0
Kingston upon Thames 014E,E01002924,0,,0,,0,,20,,0,,0
Kingston upon Thames 014D,E01002920,15,,0,,0,,5,,0,,0
Kingston upon Thames 014A,E01002915,0,,0,,0,,5,,0,,0
Kingston upon Thames 014B,E01002916,0,,0,,0,,5,,0,,0
Kingston upon Thames 014C,E01002917,0,,0,,0,,5,,0,,0
Kingston upon Thames 015D,E01002982,0,,0,,0,,5,,0,,0
Kingston upon Thames 015E,E01002983,0,,0,,0,,10,,0,,0
Kingston upon Thames 015B,E01002978,0,,0,,0,,10,,5,,0
Kingston upon Thames 015C,E01002979,0,,0,,0,,10,,0,,0
Kingston upon Thames 015A,E01002976,0,,0,,0,,5,,0,,0
Kingston upon Thames 016B,E01002996,0,,0,,0,,5,,0,,0
Kingston upon Thames 016C,E01002997,0,,0,,0,,20,,0,,0
Kingston upon Thames 016D,E01002998,0,,0,,0,,10,,0,,0
Kingston upon Thames 016E,E01003002,0,,0,,0,,10,,0,,0
Kingston upon Thames 016A,E01002994,0,,0,,0,,15,,0,,0
Kingston upon Thames 017E,E01003003,0,,0,,0,,10,,0,,0
Kingston upon Thames 017C,E01003000,0,,0,,0,,130,,5,,0
Kingston upon Thames 017D,E01003001,0,,0,,0,,5,,0,,0
Kingston upon Thames 017A,E01002918,0,,0,,0,,0,,0,,0
Kingston upon Thames 017B,E01002919,0,,0,,0,,80,,10,,0
Kingston upon Thames 018D,E01003004,0,,0,,0,,5,,0,,0
Kingston upon Thames 018E,E01003005,5,,0,,10,,5,,0,,0
Kingston upon Thames 018A,E01002939,0,,0,,0,,0,,0,,0
Kingston upon Thames 018B,E01002941,0,,0,,0,,5,,0,,0
Kingston upon Thames 018C,E01002942,0,,0,,0,,5,,0,,0
Kingston upon Thames 019A,E01002944,0,,0,,75,,15,,0,,0
Kingston upon Thames 019B,E01002945,0,,0,,0,,5,,0,,0
Kingston upon Thames 019C,E01002946,0,,0,,0,,10,,0,,0
Kingston upon Thames 019D,E01002947,0,,0,,0,,5,,0,,0
Kingston upon Thames 020C,E01002948,0,,0,,0,,15,,0,,0
Kingston upon Thames 020D,E01002949,0,,0,,0,,5,,0,,0
Kingston upon Thames 020E,E01002950,0,,0,,20,,45,,0,,0
Kingston upon Thames 020B,E01002943,0,,0,,0,,0,,0,,0
Kingston upon Thames 020A,E01002940,0,,0,,0,,0,,0,,0
Merton 001A,E01003472,0,,0,,0,,10,,0,,0
Merton 001B,E01003473,5,,0,,0,,30,,0,,0
Merton 001C,E01003474,0,,0,,0,,15,,0,,0
Merton 001D,E01003475,5,,0,,0,,20,,35,,0
Merton 001E,E01003478,10,,0,,20,,10,,5,,0
Merton 002A,E01003460,0,,0,,0,,90,,0,,0
Merton 002B,E01003462,0,,0,,0,,5,,0,,0
Merton 002C,E01003464,0,,0,,0,,5,,0,,0
Merton 002D,E01003465,0,,0,,0,,10,,0,,25
Merton 003B,E01003454,0,,0,,0,,15,,0,,0
Merton 003C,E01003456,0,,0,,10,,10,,5,,0
Merton 003A,E01003400,0,,0,,0,,70,,0,,5
Merton 003D,E01003476,0,,0,,0,,5,,0,,0
Merton 003E,E01003477,0,,0,,0,,5,,0,,0
Merton 004A,E01003401,0,,0,,0,,120,,5,,0
Merton 004B,E01003402,0,,0,,0,,140,,0,,0
Merton 004C,E01003403,5,,0,,5,,60,,0,,0
Merton 004D,E01003404,5,,0,,0,,10,,0,,0
Merton 004E,E01003461,5,,0,,0,,10,,5,,0
Merton 005E,E01003455,0,,0,,0,,20,,0,,0
Merton 005A,E01003367,5,,0,,0,,25,,0,,0
Merton 005B,E01003369,0,,0,,0,,5,,0,,0
Merton 005C,E01003370,0,,0,,0,,5,,0,,0
Merton 005D,E01003371,0,,0,,0,,15,,0,,0
Merton 006A,E01003359,0,,0,,0,,10,,0,,0
Merton 006B,E01003360,0,,0,,0,,20,,0,,0
Merton 006C,E01003457,0,,0,,0,,10,,0,,0
Merton 006D,E01003458,0,,0,,10,,25,,0,,0
Merton 006E,E01003459,5,,0,,0,,20,,0,,0
Merton 007A,E01003394,0,,0,,0,,0,,0,,0
Merton 007B,E01003395,0,,0,,0,,10,,0,,0
Merton 007C,E01003396,0,,0,,0,,5,,0,,0
Merton 007D,E01003397,0,,0,,0,,0,,0,,0
Merton 007E,E01003398,5,,0,,0,,5,,0,,0
Merton 008C,E01003393,0,,0,,0,,5,,0,,0
Merton 008D,E01003406,0,,0,,0,,5,,0,,0
Merton 008E,E01003407,0,,0,,0,,5,,0,,0
Merton 008A,E01003368,0,,0,,0,,10,,0,,0
Merton 008B,E01003372,0,,0,,0,,15,,0,,0
Merton 009D,E01003383,75,,0,,0,,60,,0,,0
Merton 009E,E01003384,0,,0,,0,,75,,0,,0
Merton 009C,E01003358,10,,0,,0,,110,,0,,0
Merton 009A,E01003355,5,,0,,0,,25,,0,,0
Merton 009B,E01003356,20,,10,,0,,50,,10,,0
Merton 010E,E01003463,0,,0,,0,,5,,0,,0
Merton 010A,E01003442,0,,0,,0,,10,,0,,0
Merton 010B,E01003443,5,,0,,0,,30,,0,,0
Merton 010C,E01003444,0,,0,,0,,10,,0,,0
Merton 010D,E01003445,0,,0,,0,,20,,0,,0
Merton 011B,E01003382,0,,0,,0,,45,,0,,0
Merton 011D,E01003399,0,,0,,0,,10,,0,,0
Merton 011E,E01003423,0,,0,,0,,10,,0,,0
Merton 011C,E01003385,0,,0,,0,,20,,0,,0
Merton 011A,E01003380,0,,0,,0,,15,,0,,0
Merton 012B,E01003376,0,,0,,0,,0,,0,,0
Merton 012C,E01003377,0,,0,,0,,0,,0,,0
Merton 012A,E01003357,15,,0,,5,,60,,15,,0
Merton 012E,E01003410,0,,0,,5,,0,,0,,0
Merton 012D,E01003408,5,,0,,0,,10,,0,,0
Merton 013E,E01003409,0,,0,,0,,5,,0,,0
Merton 013D,E01003392,0,,0,,0,,5,,0,,0
Merton 013B,E01003388,0,,0,,0,,0,,0,,0
Merton 013C,E01003389,0,,0,,5,,20,,0,,0
Merton 013A,E01003386,0,,0,,0,,0,,0,,0
Merton 014A,E01003387,0,,0,,0,,0,,0,,0
Merton 014B,E01003391,0,,0,,0,,0,,0,,0
Merton 014C,E01003411,0,,0,,0,,0,,0,,0
Merton 014D,E01003412,0,,0,,0,,0,,0,,0
Merton 014E,E01003435,0,,0,,0,,5,,0,,0
Merton 015B,E01003424,0,,0,,0,,15,,0,,0
Merton 015C,E01003425,0,,0,,0,,10,,0,,0
Merton 015D,E01003426,0,,0,,0,,20,,0,,0
Merton 015E,E01003428,0,,5,,0,,35,,0,,0
Merton 015A,E01003361,0,,0,,0,,10,,0,,0
Merton 016A,E01003366,0,,0,,0,,5,,0,,0
Merton 016B,E01003381,0,,0,,0,,70,,0,,0
Merton 016C,E01003446,0,,0,,0,,10,,0,,0
Merton 016D,E01003447,0,,100,,5,,15,,0,,0
Merton 016E,E01003471,10,,0,,0,,10,,0,,0
Merton 017E,E01003434,0,,0,,0,,0,,0,,0
Merton 017A,E01003413,0,,0,,0,,10,,0,,0
Merton 017B,E01003414,0,,0,,0,,5,,0,,0
Merton 017C,E01003415,0,,0,,0,,5,,0,,0
Merton 017D,E01003416,0,,0,,0,,0,,0,,0
Merton 018E,E01003405,0,,0,,0,,10,,0,,0
Merton 018D,E01003390,0,,0,,0,,0,,0,,0
Merton 018B,E01003378,0,,0,,0,,15,,0,,0
Merton 018C,E01003379,0,,0,,0,,5,,0,,0
Merton 018A,E01003373,0,,0,,0,,50,,0,,0
Merton 019A,E01003429,0,,0,,0,,5,,0,,0
Merton 019B,E01003430,0,,0,,0,,0,,0,,0
Merton 019C,E01003431,0,,0,,0,,5,,0,,0
Merton 019D,E01003432,0,,0,,0,,5,,0,,0
Merton 019E,E01003433,0,,0,,0,,5,,0,,0
Merton 020A,E01003466,0,,0,,0,,10,,0,,0
Merton 020B,E01003467,0,,0,,0,,15,,0,,0
Merton 020C,E01003468,0,,0,,0,,15,,0,,0
Merton 020D,E01003469,0,,0,,25,,5,,0,,0
Merton 020E,E01003470,0,,0,,5,,0,,0,,0
Merton 021E,E01003421,0,,0,,0,,5,,0,,0
Merton 021A,E01003362,0,,0,,15,,5,,0,,0
Merton 021B,E01003363,0,,0,,0,,5,,0,,0
Merton 021C,E01003364,0,,0,,0,,5,,0,,0
Merton 021D,E01003365,0,,0,,0,,10,,0,,0
Merton 022A,E01003374,0,,0,,0,,5,,0,,0
Merton 022B,E01003375,0,,0,,10,,0,,5,,0
Merton 022C,E01003437,0,,0,,0,,5,,0,,0
Merton 022D,E01003440,0,,0,,0,,50,,0,,10
Merton 022E,E01003441,0,,0,,0,,5,,0,,0
Merton 023C,E01003439,0,,0,,0,,0,,0,,0
Merton 023B,E01003436,0,,0,,0,,0,,0,,0
Merton 023D,E01003448,0,,0,,0,,0,,0,,0
Merton 023A,E01003427,0,,0,,0,,45,,0,,0
Merton 023E,E01003453,0,,0,,0,,5,,0,,0
Merton 024B,E01003449,0,,0,,0,,0,,0,,0
Merton 024C,E01003450,0,,0,,0,,5,,0,,0
Merton 024D,E01003451,0,,0,,0,,5,,0,,0
Merton 024E,E01003452,0,,0,,0,,0,,0,,0
Merton 024A,E01003438,0,,0,,0,,10,,0,,0
Merton 025E,E01003422,0,,0,,0,,0,,0,,0
Merton 025A,E01003417,0,,0,,0,,5,,0,,0
Merton 025B,E01003418,0,,0,,0,,10,,0,,0
Merton 025C,E01003419,0,,0,,0,,5,,0,,0
Merton 025D,E01003420,0,,0,,0,,5,,5,,0
Redbridge 001A,E01003744,0,,0,,0,,5,,0,,0
Redbridge 001B,E01003745,0,,0,,15,,5,,0,,0
Redbridge 001C,E01003746,0,,0,,0,,10,,0,,0
Redbridge 001D,E01003747,0,,0,,0,,10,,0,,0
Redbridge 001E,E01003748,0,,0,,50,,5,,0,,0
Redbridge 001F,E01003749,0,,0,,0,,10,,0,,0
Redbridge 001G,E01003750,10,,0,,0,,5,,0,,0
Redbridge 002D,E01003726,0,,0,,0,,10,,0,,0
Redbridge 002B,E01003722,0,,0,,0,,10,,5,,0
Redbridge 002C,E01003723,0,,0,,0,,0,,0,,0
Redbridge 002A,E01003720,0,,0,,0,,0,,0,,0
Redbridge 003A,E01003721,0,,0,,0,,10,,0,,0
Redbridge 003B,E01003724,0,,0,,0,,10,,0,,0
Redbridge 003C,E01003725,0,,0,,0,,5,,0,,0
Redbridge 003D,E01003727,0,,0,,0,,0,,0,,0
Redbridge 004A,E01003654,0,,0,,0,,5,,0,,0
Redbridge 004B,E01003655,0,,0,,0,,5,,0,,0
Redbridge 004D,E01003660,0,,0,,0,,5,,0,,0
Redbridge 004C,E01003658,0,,0,,0,,5,,0,,0
Redbridge 005C,E01003659,0,,0,,0,,10,,0,,0
Redbridge 005A,E01003656,0,,0,,0,,5,,0,,0
Redbridge 005B,E01003657,0,,0,,0,,5,,0,,0
Redbridge 006A,E01003698,0,,0,,0,,5,,0,,0
Redbridge 006B,E01003699,0,,0,,0,,5,,0,,0
Redbridge 006C,E01003700,0,,0,,0,,5,,0,,0
Redbridge 006D,E01003701,0,,0,,0,,20,,0,,0
Redbridge 006E,E01003702,0,,0,,0,,10,,0,,0
Redbridge 006F,E01003703,0,,0,,0,,10,,0,,0
Redbridge 006G,E01003704,0,,0,,0,,10,,0,,0
Redbridge 007A,E01003668,5,,0,,0,,20,,5,,0
Redbridge 007B,E01003669,0,,0,,0,,15,,0,,0
Redbridge 007C,E01003670,0,,0,,0,,5,,0,,0
Redbridge 007D,E01003671,0,,0,,0,,15,,0,,0
Redbridge 007E,E01003672,0,,0,,0,,10,,0,,0
Redbridge 007F,E01003673,0,,0,,0,,10,,0,,0
Redbridge 007G,E01003674,35,,0,,5,,25,,0,,0
Redbridge 008A,E01003707,0,,0,,0,,5,,15,,0
Redbridge 008B,E01003708,0,,0,,0,,0,,0,,0
Redbridge 008C,E01003709,0,,0,,0,,5,,0,,0
Redbridge 008D,E01003710,0,,0,,0,,5,,0,,0
Redbridge 009A,E01003759,0,,0,,0,,5,,0,,0
Redbridge 009B,E01003760,5,,0,,0,,5,,0,,0
Redbridge 009C,E01003761,0,,0,,0,,0,,0,,0
Redbridge 009D,E01003762,0,,0,,0,,10,,0,,0
Redbridge 009E,E01003763,0,,0,,0,,15,,0,,0
Redbridge 009F,E01003764,0,,0,,0,,15,,0,,0
Redbridge 009G,E01003765,0,,0,,0,,25,,0,,0
Redbridge 010C,E01003711,0,,0,,0,,10,,0,,0
Redbridge 010D,E01003712,0,,0,,0,,5,,0,,0
Redbridge 010A,E01003705,0,,0,,0,,10,,0,,0
Redbridge 010B,E01003706,0,,0,,0,,10,,0,,0
Redbridge 011A,E01003678,0,,0,,0,,0,,0,,0
Redbridge 011B,E01003679,0,,0,,0,,5,,0,,0
Redbridge 011C,E01003680,0,,0,,0,,10,,0,,0
Redbridge 011D,E01003681,0,,0,,0,,5,,0,,0
Redbridge 012D,E01003651,0,,0,,5,,5,,0,,0
Redbridge 012A,E01003646,0,,0,,5,,15,,0,,0
Redbridge 012B,E01003648,0,,0,,0,,5,,0,,0
Redbridge 012C,E01003649,0,,0,,0,,5,,0,,0
Redbridge 013A,E01003639,0,,0,,0,,15,,0,,0
Redbridge 013B,E01003640,0,,0,,0,,5,,0,,0
Redbridge 013C,E01003641,0,,10,,0,,20,,0,,0
Redbridge 013D,E01003642,0,,0,,0,,10,,0,,0
Redbridge 014A,E01003774,0,,0,,0,,15,,0,,0
Redbridge 014B,E01003775,10,,0,,0,,10,,0,,0
Redbridge 014C,E01003776,0,,0,,0,,5,,0,,0
Redbridge 014D,E01003777,5,,0,,0,,10,,0,,0
Redbridge 014E,E01003778,5,,0,,0,,10,,5,,0
Redbridge 014F,E01003779,0,,0,,150,,5,,0,,0
Redbridge 014G,E01003780,0,,0,,0,,15,,0,,0
Redbridge 015B,E01003650,0,,0,,0,,5,,0,,0
Redbridge 015A,E01003647,0,,0,,0,,20,,0,,0
Redbridge 015C,E01003652,0,,0,,0,,10,,0,,0
Redbridge 015D,E01003653,0,,0,,0,,10,,0,,0
Redbridge 016D,E01003682,0,,0,,0,,5,,0,,0
Redbridge 016A,E01003675,0,,0,,0,,10,,0,,0
Redbridge 016B,E01003676,0,,0,,0,,5,,0,,0
Redbridge 016C,E01003677,0,,0,,0,,40,,0,,0
Redbridge 017B,E01003643,0,,0,,0,,10,,0,,0
Redbridge 017C,E01003644,0,,0,,0,,20,,0,,0
Redbridge 017D,E01003645,0,,0,,0,,60,,0,,0
Redbridge 017A,E01003638,0,,0,,0,,5,,0,,0
Redbridge 018A,E01003789,5,,0,,0,,0,,0,,0
Redbridge 018B,E01003794,0,,0,,0,,5,,0,,0
Redbridge 018C,E01003795,0,,0,,0,,5,,0,,0
Redbridge 018D,E01003796,0,,0,,0,,0,,0,,0
Redbridge 019A,E01003661,0,,0,,0,,15,,0,,0
Redbridge 019B,E01003662,0,,0,,0,,5,,0,,0
Redbridge 019C,E01003663,0,,5,,0,,10,,0,,0
Redbridge 019D,E01003664,0,,0,,0,,5,,0,,0
Redbridge 019E,E01003665,0,,0,,0,,10,,0,,0
Redbridge 019F,E01003666,0,,0,,0,,10,,0,,0
Redbridge 019G,E01003667,0,,0,,0,,5,,0,,0
Redbridge 020D,E01003757,0,,0,,0,,15,,0,,0
Redbridge 020B,E01003753,5,,0,,0,,10,,0,,0
Redbridge 020C,E01003754,0,,0,,0,,15,,0,,0
Redbridge 020A,E01003751,0,,0,,0,,15,,0,,0
Redbridge 021C,E01003694,0,,0,,0,,10,,0,,0
Redbridge 021D,E01003696,0,,0,,0,,10,,0,,0
Redbridge 021A,E01003690,0,,0,,0,,25,,0,,0
Redbridge 021B,E01003692,0,,0,,0,,20,,0,,0
Redbridge 022A,E01003769,0,,0,,0,,20,,0,,0
Redbridge 022B,E01003770,0,,0,,0,,20,,0,,0
Redbridge 022C,E01003771,0,,0,,0,,10,,0,,0
Redbridge 022D,E01003773,0,,0,,0,,20,,0,,0
Redbridge 023D,E01003758,0,,0,,0,,10,,0,,0
Redbridge 023B,E01003755,5,,0,,0,,20,,0,,0
Redbridge 023C,E01003756,0,,0,,0,,10,,0,,0
Redbridge 023A,E01003752,0,,0,,0,,30,,0,,0
Redbridge 024A,E01003766,0,,0,,0,,0,,0,,0
Redbridge 024B,E01003767,0,,0,,0,,10,,0,,0
Redbridge 024C,E01003768,0,,0,,0,,15,,0,,0
Redbridge 024D,E01003772,0,,0,,0,,5,,5,,0
Redbridge 025D,E01003697,0,,0,,0,,10,,0,,0
Redbridge 025C,E01003695,0,,0,,0,,5,,0,,0
Redbridge 025B,E01003693,0,,0,,0,,5,,0,,0
Redbridge 025A,E01003691,0,,0,,0,,10,,0,,0
Redbridge 026A,E01003781,50,,0,,0,,50,,0,,0
Redbridge 026B,E01003782,0,,0,,0,,10,,0,,0
Redbridge 026C,E01003786,0,,0,,0,,10,,0,,0
Redbridge 026D,E01003787,0,,0,,0,,20,,0,,0
Redbridge 027A,E01003790,0,,0,,0,,5,,0,,0
Redbridge 027B,E01003791,0,,0,,0,,5,,0,,0
Redbridge 027C,E01003792,0,,0,,0,,10,,0,,0
Redbridge 027D,E01003793,0,,0,,0,,5,,0,,0
Redbridge 028A,E01003713,0,,0,,0,,5,,0,,0
Redbridge 028B,E01003714,0,,0,,0,,5,,0,,0
Redbridge 028C,E01003715,0,,0,,0,,5,,0,,0
Redbridge 028D,E01003716,0,,0,,0,,10,,0,,0
Redbridge 028E,E01003717,0,,0,,0,,5,,0,,0
Redbridge 028F,E01003718,0,,0,,0,,50,,0,,0
Redbridge 028G,E01003719,0,,0,,0,,15,,0,,0
Redbridge 029A,E01003783,0,,0,,5,,50,,0,,0
Redbridge 029B,E01003784,0,,0,,0,,15,,0,,0
Redbridge 029C,E01003785,0,,0,,0,,20,,0,,0
Redbridge 029D,E01003788,0,,0,,0,,30,,0,,0
Redbridge 030A,E01003683,0,,0,,0,,5,,0,,0
Redbridge 030B,E01003684,0,,0,,0,,5,,0,,0
Redbridge 030C,E01003685,0,,0,,0,,5,,0,,0
Redbridge 030D,E01003686,0,,0,,0,,5,,0,,0
Redbridge 030E,E01003687,0,,0,,0,,130,,5,,0
Redbridge 030F,E01003688,0,,0,,0,,0,,0,,0
Redbridge 030G,E01003689,0,,0,,5,,35,,0,,0
Redbridge 031A,E01003737,0,,0,,0,,5,,0,,0
Redbridge 031B,E01003738,0,,0,,0,,10,,0,,0
Redbridge 031C,E01003739,0,,0,,0,,15,,0,,0
Redbridge 031D,E01003740,0,,0,,0,,10,,0,,0
Redbridge 031E,E01003741,0,,0,,0,,5,,0,,0
Redbridge 031F,E01003742,0,,0,,0,,10,,0,,0
Redbridge 031G,E01003743,0,,0,,0,,5,,0,,0
Redbridge 032A,E01003728,0,,0,,250,,40,,20,,0
Redbridge 032B,E01003729,0,,0,,0,,0,,0,,0
Redbridge 032C,E01003730,0,,0,,0,,0,,0,,0
Redbridge 032D,E01003732,0,,0,,0,,0,,0,,0
Redbridge 032E,E01003733,0,,0,,0,,5,,0,,0
Redbridge 033B,E01003734,0,,0,,0,,10,,0,,0
Redbridge 033C,E01003735,0,,0,,0,,0,,0,,0
Redbridge 033D,E01003736,0,,0,,0,,5,,5,,0
Redbridge 033A,E01003731,0,,0,,0,,0,,0,,0
Richmond upon Thames 001A,E01003797,5,,0,,0,,5,,0,,0
Richmond upon Thames 001B,E01003798,10,,0,,0,,0,,5,,0
Richmond upon Thames 001C,E01003799,10,,0,,0,,10,,0,,0
Richmond upon Thames 001D,E01003800,0,,0,,0,,5,,0,,0
Richmond upon Thames 001E,E01003801,5,,0,,0,,45,,0,,0
Richmond upon Thames 001F,E01003802,15,,0,,0,,0,,0,,0
Richmond upon Thames 001G,E01003803,0,,0,,0,,0,,0,,0
Richmond upon Thames 002A,E01003846,5,,0,,0,,10,,0,,0
Richmond upon Thames 002B,E01003847,0,,0,,0,,25,,0,,0
Richmond upon Thames 002C,E01003849,0,,5,,0,,10,,0,,0
Richmond upon Thames 002D,E01003851,0,,0,,0,,20,,0,,0
Richmond upon Thames 002E,E01003860,10,,0,,10,,30,,0,,0
Richmond upon Thames 002F,E01003864,10,,15,,5,,40,,0,,0
Richmond upon Thames 003A,E01003852,5,,0,,0,,10,,0,,0
Richmond upon Thames 003B,E01003853,5,,0,,0,,5,,0,,0
Richmond upon Thames 003C,E01003854,5,,0,,0,,10,,0,,0
Richmond upon Thames 003D,E01003855,0,,0,,5,,15,,0,,0
Richmond upon Thames 003E,E01003856,15,,0,,0,,50,,0,,0
Richmond upon Thames 003F,E01003857,10,,0,,0,,15,,0,,0
Richmond upon Thames 003G,E01003858,5,,0,,0,,10,,0,,0
Richmond upon Thames 004F,E01003865,5,,0,,0,,15,,0,,0
Richmond upon Thames 004C,E01003861,20,,0,,0,,70,,0,,0
Richmond upon Thames 004D,E01003862,0,,0,,0,,15,,0,,0
Richmond upon Thames 004E,E01003863,0,,0,,0,,15,,0,,0
Richmond upon Thames 004B,E01003850,5,,0,,0,,15,,0,,0
Richmond upon Thames 004A,E01003848,5,,5,,0,,15,,0,,0
Richmond upon Thames 005E,E01003859,5,,0,,0,,10,,0,,0
Richmond upon Thames 005A,E01003804,5,,0,,0,,10,,5,,0
Richmond upon Thames 005B,E01003807,25,,0,,15,,40,,10,,0
Richmond upon Thames 005C,E01003808,5,,0,,0,,10,,0,,0
Richmond upon Thames 005D,E01003809,0,,0,,0,,5,,0,,0
Richmond upon Thames 006A,E01003873,5,,0,,10,,220,,0,,0
Richmond upon Thames 006B,E01003874,35,,0,,0,,70,,10,,0
Richmond upon Thames 006C,E01003875,0,,0,,0,,10,,0,,0
Richmond upon Thames 006D,E01003878,0,,0,,0,,5,,0,,0
Richmond upon Thames 007B,E01003868,5,,0,,0,,10,,0,,0
Richmond upon Thames 007C,E01003871,0,,0,,0,,15,,0,,0
Richmond upon Thames 007D,E01003872,45,,0,,20,,10,,0,,0
Richmond upon Thames 007A,E01003866,10,,0,,0,,10,,0,,0
Richmond upon Thames 008A,E01003821,5,,0,,0,,20,,0,,0
Richmond upon Thames 008B,E01003876,70,,0,,45,,800,,70,,150
Richmond upon Thames 008C,E01003877,10,,0,,0,,15,,0,,0
Richmond upon Thames 008D,E01003879,5,,0,,0,,20,,0,,0
Richmond upon Thames 009A,E01003892,10,,0,,0,,20,,5,,0
Richmond upon Thames 009B,E01003893,10,,0,,0,,15,,0,,0
Richmond upon Thames 009C,E01003894,10,,0,,0,,20,,0,,0
Richmond upon Thames 009D,E01003895,15,,0,,0,,30,,0,,0
Richmond upon Thames 010A,E01003905,0,,0,,0,,0,,0,,0
Richmond upon Thames 010B,E01003906,0,,0,,0,,10,,0,,0
Richmond upon Thames 010C,E01003907,0,,0,,0,,5,,0,,0
Richmond upon Thames 010D,E01003908,0,,0,,30,,5,,0,,0
Richmond upon Thames 010E,E01003909,0,,0,,0,,15,,0,,0
Richmond upon Thames 011D,E01003910,0,,0,,0,,5,,0,,0
Richmond upon Thames 011B,E01003869,5,,0,,0,,10,,0,,0
Richmond upon Thames 011C,E01003870,0,,0,,0,,20,,0,,0
Richmond upon Thames 011A,E01003867,0,,0,,0,,15,,0,,0
Richmond upon Thames 012C,E01003816,5,,0,,0,,15,,0,,0
Richmond upon Thames 012D,E01003817,0,,0,,0,,20,,0,,0
Richmond upon Thames 012A,E01003805,5,,5,,0,,15,,0,,0
Richmond upon Thames 012B,E01003806,40,,5,,0,,10,,0,,0
Richmond upon Thames 013A,E01003840,0,,0,,0,,5,,0,,0
Richmond upon Thames 013B,E01003841,0,,0,,0,,5,,0,,0
Richmond upon Thames 013C,E01003842,0,,0,,0,,0,,0,,0
Richmond upon Thames 013D,E01003843,0,,0,,0,,15,,0,,0
Richmond upon Thames 013E,E01003844,0,,0,,0,,10,,0,,0
Richmond upon Thames 013F,E01003845,0,,0,,0,,0,,0,,0
Richmond upon Thames 014A,E01003882,15,,5,,0,,25,,0,,0
Richmond upon Thames 014B,E01003883,0,,0,,0,,90,,0,,0
Richmond upon Thames 014C,E01003896,5,,5,,0,,170,,0,,0
Richmond upon Thames 014D,E01003897,5,,0,,0,,100,,0,,0
Richmond upon Thames 015A,E01003898,0,,0,,0,,10,,0,,0
Richmond upon Thames 015B,E01003899,5,,0,,0,,5,,0,,0
Richmond upon Thames 015C,E01003900,0,,0,,0,,5,,0,,0
Richmond upon Thames 015D,E01003901,5,,0,,0,,5,,0,,5
Richmond upon Thames 015E,E01003902,0,,0,,0,,5,,0,,0
Richmond upon Thames 015F,E01003903,0,,0,,0,,5,,0,,0
Richmond upon Thames 015G,E01003904,10,,0,,0,,5,,0,,0
Richmond upon Thames 016A,E01003880,0,,0,,0,,25,,0,,0
Richmond upon Thames 016B,E01003881,5,,0,,0,,30,,0,,0
Richmond upon Thames 016C,E01003884,0,,0,,0,,10,,0,,0
Richmond upon Thames 016D,E01003885,5,,0,,0,,10,,0,,0
Richmond upon Thames 017A,E01003818,0,,0,,0,,10,,0,,0
Richmond upon Thames 017B,E01003819,5,,0,,0,,5,,0,,0
Richmond upon Thames 017C,E01003820,0,,0,,0,,10,,0,,0
Richmond upon Thames 018A,E01003811,10,,0,,0,,35,,0,,0
Richmond upon Thames 018B,E01003812,15,,0,,0,,10,,0,,0
Richmond upon Thames 018C,E01003890,10,,0,,0,,25,,0,,25
Richmond upon Thames 018D,E01003891,35,,5,,0,,40,,0,,0
Richmond upon Thames 019B,E01003813,0,,0,,0,,15,,0,,0
Richmond upon Thames 019C,E01003814,0,,0,,0,,10,,0,,0
Richmond upon Thames 019D,E01003815,5,,0,,75,,35,,0,,0
Richmond upon Thames 019A,E01003810,0,,0,,0,,20,,0,,0
Richmond upon Thames 020A,E01003828,0,,0,,0,,5,,0,,0
Richmond upon Thames 020B,E01003829,0,,0,,0,,0,,0,,0
Richmond upon Thames 020C,E01003830,0,,0,,0,,10,,0,,0
Richmond upon Thames 020D,E01003831,0,,0,,0,,0,,0,,0
Richmond upon Thames 020E,E01003832,0,,0,,0,,5,,0,,0
Richmond upon Thames 020F,E01003833,0,,0,,0,,5,,0,,0
Richmond upon Thames 021A,E01003886,0,,0,,25,,35,,0,,0
Richmond upon Thames 021B,E01003887,10,,0,,5,,275,,0,,0
Richmond upon Thames 021C,E01003888,0,,0,,0,,50,,0,,1500
Richmond upon Thames 021D,E01003889,0,,0,,0,,20,,0,,0
Richmond upon Thames 022A,E01003834,20,,0,,5,,100,,0,,0
Richmond upon Thames 022B,E01003835,5,,5,,0,,10,,0,,0
Richmond upon Thames 022C,E01003836,0,,0,,0,,5,,0,,0
Richmond upon Thames 022D,E01003837,0,,0,,0,,10,,0,,0
Richmond upon Thames 022E,E01003838,0,,0,,0,,5,,0,,0
Richmond upon Thames 022F,E01003839,5,,0,,5,,30,,0,,0
Richmond upon Thames 023A,E01003822,5,,0,,5,,10,,0,,0
Richmond upon Thames 023B,E01003823,10,,0,,0,,30,,0,,0
Richmond upon Thames 023C,E01003824,10,,0,,0,,10,,0,,0
Richmond upon Thames 023D,E01003825,5,,0,,0,,15,,0,,0
Richmond upon Thames 023E,E01003826,0,,0,,0,,20,,0,,0
Richmond upon Thames 023F,E01003827,0,,0,,5,,60,,15,,5
Sutton 001A,E01004125,0,,0,,0,,0,,0,,0
Sutton 001B,E01004183,0,,0,,0,,0,,0,,0
Sutton 001C,E01004184,0,,0,,0,,0,,0,,0
Sutton 001D,E01004185,0,,0,,0,,5,,0,,0
Sutton 001E,E01004189,0,,0,,0,,5,,0,,0
Sutton 002C,E01004126,0,,0,,0,,0,,0,,0
Sutton 002A,E01004123,0,,0,,0,,5,,0,,0
Sutton 002B,E01004124,0,,0,,0,,0,,0,,0
Sutton 002D,E01004128,0,,0,,0,,0,,5,,0
Sutton 002E,E01004129,0,,0,,0,,0,,0,,0
Sutton 003A,E01004130,0,,0,,0,,35,,0,,0
Sutton 003B,E01004131,0,,0,,0,,0,,0,,0
Sutton 003C,E01004134,0,,0,,0,,5,,0,,0
Sutton 003D,E01004135,5,,0,,0,,5,,0,,0
Sutton 003E,E01004136,0,,0,,40,,0,,0,,0
Sutton 004A,E01004164,0,,0,,0,,0,,0,,0
Sutton 004B,E01004166,0,,0,,0,,10,,0,,0
Sutton 004C,E01004169,0,,0,,0,,0,,0,,0
Sutton 004E,E01004188,0,,0,,0,,25,,30,,0
Sutton 004D,E01004186,0,,0,,0,,0,,0,,20
Sutton 005E,E01004187,0,,0,,0,,0,,0,,0
Sutton 005D,E01004167,0,,0,,0,,0,,0,,0
Sutton 005C,E01004165,0,,0,,0,,0,,0,,0
Sutton 005B,E01004163,0,,0,,0,,15,,0,,0
Sutton 005A,E01004127,0,,0,,0,,0,,0,,0
Sutton 006B,E01004121,0,,0,,0,,15,,0,,0
Sutton 006A,E01004117,0,,0,,0,,15,,0,,0
Sutton 006E,E01004195,0,,0,,0,,10,,0,,0
Sutton 006C,E01004192,0,,0,,0,,25,,0,,0
Sutton 006D,E01004193,0,,0,,0,,15,,0,,0
Sutton 007A,E01004144,0,,0,,0,,10,,0,,0
Sutton 007B,E01004145,0,,0,,0,,5,,0,,0
Sutton 007C,E01004146,10,,0,,0,,5,,0,,0
Sutton 007D,E01004147,0,,0,,0,,0,,0,,0
Sutton 008A,E01004116,0,,0,,0,,10,,0,,0
Sutton 008B,E01004122,0,,0,,0,,5,,0,,0
Sutton 008E,E01004194,0,,0,,0,,5,,0,,0
Sutton 008F,E01004196,0,,0,,0,,5,,0,,0
Sutton 008C,E01004190,0,,0,,0,,0,,0,,0
Sutton 008D,E01004191,0,,0,,0,,5,,0,,0
Sutton 009D,E01004132,0,,0,,0,,0,,0,,0
Sutton 009E,E01004133,0,,0,,0,,5,,0,,0
Sutton 009B,E01004118,0,,0,,0,,0,,0,,0
Sutton 009C,E01004119,0,,0,,0,,10,,0,,0
Sutton 009A,E01004115,0,,0,,50,,5,,0,,0
Sutton 010D,E01004175,0,,0,,0,,5,,0,,0
Sutton 010E,E01004176,0,,0,,0,,5,,0,,0
Sutton 010A,E01004171,5,,0,,0,,10,,0,,0
Sutton 010B,E01004172,0,,0,,0,,5,,0,,0
Sutton 010C,E01004173,0,,0,,0,,0,,0,,0
Sutton 011A,E01004076,0,,0,,5,,50,,0,,0
Sutton 011B,E01004077,0,,0,,0,,0,,0,,0
Sutton 011C,E01004078,0,,0,,0,,0,,0,,0
Sutton 011D,E01004079,0,,0,,0,,0,,0,,0
Sutton 011E,E01004080,0,,0,,0,,0,,0,,0
Sutton 011F,E01004081,0,,0,,0,,0,,0,,0
Sutton 011G,E01004082,0,,0,,0,,0,,0,,0
Sutton 012E,E01004149,0,,0,,0,,5,,0,,0
Sutton 012A,E01004137,0,,0,,0,,5,,0,,0
Sutton 012B,E01004140,0,,0,,0,,5,,0,,0
Sutton 012C,E01004141,0,,0,,0,,5,,0,,0
Sutton 012D,E01004142,30,,0,,10,,50,,0,,0
Sutton 013C,E01004138,0,,0,,0,,20,,0,,0
Sutton 013D,E01004139,0,,0,,0,,10,,0,,0
Sutton 013B,E01004103,0,,0,,0,,10,,0,,0
Sutton 013E,E01004168,0,,0,,0,,0,,0,,0
Sutton 013A,E01004101,0,,0,,0,,5,,0,,0
Sutton 014B,E01004148,0,,0,,0,,0,,0,,0
Sutton 014C,E01004159,0,,0,,0,,0,,0,,0
Sutton 014D,E01004160,0,,0,,0,,10,,0,,0
Sutton 014E,E01004161,0,,0,,0,,5,,0,,0
Sutton 014A,E01004143,0,,0,,0,,5,,0,,0
Sutton 015E,E01004102,0,,0,,0,,5,,10,,0
Sutton 015A,E01004097,0,,0,,0,,10,,0,,0
Sutton 015B,E01004098,0,,0,,0,,0,,0,,0
Sutton 015C,E01004099,10,,0,,0,,40,,0,,0
Sutton 015D,E01004100,0,,0,,0,,5,,5,,0
Sutton 016A,E01004110,0,,0,,5,,35,,0,,0
Sutton 016B,E01004111,5,,0,,0,,5,,0,,0
Sutton 016C,E01004112,0,,0,,0,,10,,0,,0
Sutton 016D,E01004120,0,,0,,0,,5,,0,,0
Sutton 016E,E01004157,0,,0,,0,,10,,0,,0
Sutton 017C,E01004174,0,,0,,0,,5,,0,,0
Sutton 017B,E01004170,0,,0,,15,,70,,0,,0
Sutton 017A,E01004087,0,,0,,0,,10,,0,,0
Sutton 017D,E01004178,5,,0,,0,,10,,0,,0
Sutton 017E,E01004179,0,,0,,0,,10,,0,,0
Sutton 018D,E01004158,0,,0,,0,,5,,0,,0
Sutton 018E,E01004162,0,,0,,0,,15,,0,,0
Sutton 018A,E01004152,0,,5,,0,,10,,0,,0
Sutton 018B,E01004155,0,,0,,0,,10,,0,,0
Sutton 018C,E01004156,0,,0,,0,,30,,0,,0
Sutton 019C,E01004088,0,,0,,0,,0,,0,,0
Sutton 019D,E01004089,0,,0,,0,,0,,0,,0
Sutton 019B,E01004086,0,,0,,150,,20,,0,,0
Sutton 019A,E01004083,0,,0,,0,,0,,0,,0
Sutton 019E,E01004182,0,,0,,0,,5,,0,,0
Sutton 020D,E01004180,5,,0,,0,,10,,0,,0
Sutton 020E,E01004181,0,,0,,0,,5,,0,,0
Sutton 020C,E01004177,0,,0,,0,,5,,0,,0
Sutton 020B,E01004107,0,,0,,0,,10,,0,,0
Sutton 020A,E01004104,0,,0,,0,,10,,0,,0
Sutton 021B,E01004096,0,,0,,0,,10,,0,,0
Sutton 021E,E01004153,5,,0,,0,,10,,0,,0
Sutton 021C,E01004150,0,,0,,0,,15,,0,,5
Sutton 021D,E01004151,0,,0,,0,,5,,0,,0
Sutton 021A,E01004090,0,,0,,0,,0,,0,,600
Sutton 022A,E01004091,0,,0,,0,,10,,0,,0
Sutton 022B,E01004092,0,,0,,0,,10,,0,,0
Sutton 022E,E01004154,0,,0,,0,,10,,0,,0
Sutton 022C,E01004105,0,,0,,0,,5,,0,,0
Sutton 022D,E01004106,0,,0,,0,,25,,0,,0
Sutton 023D,E01004113,0,,0,,0,,10,,0,,0
Sutton 023E,E01004114,0,,0,,0,,5,,0,,5
Sutton 023A,E01004093,0,,0,,0,,15,,0,,0
Sutton 023B,E01004094,0,,0,,0,,10,,0,,0
Sutton 023C,E01004095,0,,0,,0,,15,,0,,0
Sutton 024A,E01004084,0,,0,,0,,5,,0,,0
Sutton 024B,E01004085,0,,0,,0,,5,,0,,0
Sutton 024C,E01004108,0,,0,,0,,10,,0,,0
Sutton 024D,E01004109,0,,0,,0,,5,,0,,0
Waltham Forest 001A,E01004349,0,,0,,0,,0,,0,,0
Waltham Forest 001B,E01004350,0,,0,,0,,0,,0,,0
Waltham Forest 001C,E01004351,0,,0,,0,,5,,0,,0
Waltham Forest 001D,E01004356,0,,0,,0,,0,,0,,0
Waltham Forest 001E,E01004357,0,,0,,0,,10,,0,,0
Waltham Forest 002D,E01004358,0,,0,,0,,5,,0,,0
Waltham Forest 002E,E01004359,0,,0,,0,,5,,0,,0
Waltham Forest 002A,E01004352,0,,0,,0,,20,,0,,0
Waltham Forest 002B,E01004353,10,,0,,0,,10,,0,,0
Waltham Forest 002C,E01004354,0,,0,,5,,25,,0,,0
Waltham Forest 003A,E01004384,0,,0,,0,,0,,0,,0
Waltham Forest 003B,E01004385,0,,0,,0,,5,,0,,0
Waltham Forest 003C,E01004386,0,,0,,0,,5,,0,,0
Waltham Forest 003D,E01004389,0,,0,,0,,0,,0,,0
Waltham Forest 003E,E01004390,0,,0,,0,,0,,0,,0
Waltham Forest 004D,E01004415,0,,0,,0,,0,,0,,0
Waltham Forest 004E,E01004416,0,,0,,0,,5,,0,,0
Waltham Forest 004A,E01004355,0,,0,,125,,0,,0,,0
Waltham Forest 004B,E01004360,0,,0,,0,,5,,0,,0
Waltham Forest 004C,E01004413,0,,0,,0,,0,,0,,0
Waltham Forest 005B,E01004414,0,,0,,0,,0,,0,,0
Waltham Forest 005D,E01004451,0,,0,,0,,5,,0,,0
Waltham Forest 005E,E01004452,0,,0,,0,,0,,0,,0
Waltham Forest 005A,E01004361,0,,0,,0,,0,,0,,0
Waltham Forest 005C,E01004417,0,,0,,0,,10,,0,,0
Waltham Forest 006B,E01004453,0,,0,,0,,0,,0,,0
Waltham Forest 006C,E01004454,0,,0,,0,,0,,0,,0
Waltham Forest 006D,E01004455,0,,0,,0,,5,,0,,0
Waltham Forest 006E,E01004456,0,,0,,0,,0,,0,,0
Waltham Forest 006A,E01004450,0,,0,,0,,5,,0,,0
Waltham Forest 007E,E01004387,0,,0,,0,,10,,0,,0
Waltham Forest 007F,E01004388,0,,0,,0,,10,,0,,0
Waltham Forest 007D,E01004383,0,,0,,0,,5,,0,,0
Waltham Forest 007A,E01004379,0,,0,,0,,0,,0,,0
Waltham Forest 007B,E01004380,0,,0,,0,,10,,0,,0
Waltham Forest 007C,E01004381,0,,0,,0,,25,,0,,0
Waltham Forest 008C,E01004382,0,,0,,0,,10,,0,,0
Waltham Forest 008A,E01004343,5,,0,,0,,5,,0,,0
Waltham Forest 008B,E01004344,0,,0,,0,,5,,0,,0
Waltham Forest 008D,E01004418,0,,0,,0,,0,,0,,0
Waltham Forest 008E,E01004419,0,,0,,0,,5,,0,,0
Waltham Forest 009D,E01004402,0,,0,,0,,0,,0,,0
Waltham Forest 009E,E01004403,0,,0,,100,,5,,0,,0
Waltham Forest 009A,E01004398,0,,0,,0,,0,,0,,0
Waltham Forest 009B,E01004399,0,,0,,0,,0,,0,,0
Waltham Forest 009C,E01004400,0,,0,,0,,0,,0,,0
Waltham Forest 010B,E01004348,0,,5,,0,,5,,0,,0
Waltham Forest 010A,E01004345,0,,0,,0,,0,,0,,0
Waltham Forest 010C,E01004377,0,,0,,0,,5,,0,,0
Waltham Forest 010D,E01004378,0,,0,,0,,5,,0,,0
Waltham Forest 011B,E01004346,0,,0,,0,,5,,0,,0
Waltham Forest 011C,E01004347,5,,0,,0,,5,,0,,0
Waltham Forest 011A,E01004342,0,,0,,25,,0,,0,,0
Waltham Forest 011E,E01004462,0,,0,,0,,5,,0,,0
Waltham Forest 011D,E01004460,0,,0,,0,,5,,0,,0
Waltham Forest 012E,E01004463,0,,0,,0,,5,,0,,0
Waltham Forest 012B,E01004457,0,,0,,0,,5,,0,,0
Waltham Forest 012C,E01004458,0,,0,,0,,5,,0,,0
Waltham Forest 012D,E01004459,0,,0,,0,,0,,0,,0
Waltham Forest 012A,E01004396,0,,0,,0,,5,,0,,0
Waltham Forest 013A,E01004407,0,,0,,0,,0,,0,,0
Waltham Forest 013B,E01004410,5,,0,,0,,0,,0,,0
Waltham Forest 013C,E01004464,0,,0,,0,,0,,0,,0
Waltham Forest 013D,E01004469,0,,0,,0,,5,,0,,0
Waltham Forest 013E,E01004470,0,,0,,0,,0,,0,,0
Waltham Forest 013F,E01004471,0,,0,,0,,5,,0,,0
Waltham Forest 014E,E01004461,0,,0,,0,,5,,0,,0
Waltham Forest 014D,E01004404,0,,0,,0,,10,,0,,0
Waltham Forest 014B,E01004393,0,,0,,0,,5,,0,,0
Waltham Forest 014C,E01004401,5,,0,,0,,10,,0,,0
Waltham Forest 014A,E01004391,0,,0,,0,,0,,0,,0
Waltham Forest 015A,E01004412,0,,5,,0,,5,,0,,0
Waltham Forest 015B,E01004465,5,,0,,0,,5,,0,,0
Waltham Forest 015C,E01004466,0,,0,,0,,10,,0,,0
Waltham Forest 015D,E01004467,0,,20,,10,,0,,0,,0
Waltham Forest 015E,E01004468,5,,0,,0,,5,,0,,0
Waltham Forest 016F,E01004447,5,,0,,0,,5,,0,,0
Waltham Forest 016E,E01004443,0,,0,,0,,5,,0,,0
Waltham Forest 016A,E01004406,0,,0,,5,,0,,0,,0
Waltham Forest 016D,E01004411,5,,0,,0,,10,,0,,0
Waltham Forest 016B,E01004408,0,,0,,0,,10,,0,,0
Waltham Forest 016C,E01004409,0,,0,,0,,5,,0,,0
Waltham Forest 017C,E01004397,5,,0,,0,,5,,0,,0
Waltham Forest 017A,E01004392,0,,20,,0,,5,,0,,0
Waltham Forest 017B,E01004394,0,,0,,0,,0,,0,,0
Waltham Forest 017D,E01004444,0,,0,,0,,0,,0,,0
Waltham Forest 017E,E01004446,0,,0,,0,,10,,0,,0
Waltham Forest 018D,E01004448,0,,0,,0,,5,,0,,0
Waltham Forest 018E,E01004449,0,,0,,0,,0,,0,,0
Waltham Forest 018C,E01004445,0,,0,,0,,5,,0,,0
Waltham Forest 018B,E01004421,0,,0,,0,,5,,0,,0
Waltham Forest 018A,E01004395,5,,0,,0,,10,,0,,0
Waltham Forest 019A,E01004363,0,,0,,0,,5,,0,,0
Waltham Forest 019B,E01004364,0,,0,,0,,0,,0,,0
Waltham Forest 019C,E01004366,0,,0,,0,,5,,0,,0
Waltham Forest 019D,E01004367,0,,0,,0,,0,,0,,0
Waltham Forest 019E,E01004368,0,,0,,0,,5,,0,,0
Waltham Forest 020A,E01004365,0,,0,,0,,0,,0,,0
Waltham Forest 020B,E01004405,0,,0,,0,,0,,0,,0
Waltham Forest 020C,E01004420,0,,0,,0,,0,,0,,0
Waltham Forest 020E,E01004431,0,,0,,0,,0,,0,,0
Waltham Forest 020F,E01004433,0,,0,,0,,0,,0,,0
Waltham Forest 020D,E01004423,0,,0,,0,,0,,0,,0
Waltham Forest 021E,E01004442,0,,0,,0,,5,,0,,0
Waltham Forest 021B,E01004436,5,,0,,0,,15,,0,,0
Waltham Forest 021C,E01004437,0,,0,,0,,5,,0,,0
Waltham Forest 021D,E01004439,0,,0,,5,,5,,0,,0
Waltham Forest 021A,E01004362,0,,0,,0,,10,,0,,0
Waltham Forest 022B,E01004424,0,,0,,0,,0,,0,,0
Waltham Forest 022C,E01004425,0,,0,,0,,0,,0,,0
Waltham Forest 022D,E01004426,5,,0,,0,,5,,0,,0
Waltham Forest 022E,E01004427,0,,0,,0,,5,,0,,0
Waltham Forest 022A,E01004422,0,,0,,0,,15,,0,,0
Waltham Forest 023D,E01004432,0,,0,,0,,0,,0,,0
Waltham Forest 023E,E01004435,0,,0,,0,,10,,0,,0
Waltham Forest 023A,E01004369,0,,0,,0,,5,,0,,0
Waltham Forest 023B,E01004370,0,,0,,0,,0,,0,,0
Waltham Forest 023C,E01004372,5,,0,,0,,5,,0,,0
Waltham Forest 024A,E01004333,0,,0,,0,,5,,0,,0
Waltham Forest 024B,E01004334,0,,0,,0,,0,,0,,0
Waltham Forest 024D,E01004440,0,,0,,0,,5,,0,,0
Waltham Forest 024E,E01004441,0,,0,,0,,5,,0,,0
Waltham Forest 024C,E01004438,0,,0,,0,,5,,0,,0
Waltham Forest 025B,E01004373,0,,0,,0,,5,,0,,0
Waltham Forest 025C,E01004374,0,,0,,0,,5,,0,,0
Waltham Forest 025D,E01004375,0,,0,,0,,5,,0,,0
Waltham Forest 025E,E01004376,0,,0,,0,,5,,0,,0
Waltham Forest 025A,E01004371,0,,0,,0,,5,,0,,0
Waltham Forest 026E,E01004434,0,,0,,0,,0,,0,,0
Waltham Forest 026B,E01004428,0,,0,,0,,0,,0,,0
Waltham Forest 026C,E01004429,0,,0,,0,,0,,0,,0
Waltham Forest 026D,E01004430,0,,0,,0,,5,,0,,0
Waltham Forest 026A,E01004336,0,,0,,0,,10,,0,,0
Waltham Forest 027B,E01004337,0,,0,,0,,5,,0,,0
Waltham Forest 027C,E01004338,0,,0,,0,,5,,0,,0
Waltham Forest 027D,E01004339,0,,0,,0,,0,,0,,0
Waltham Forest 027E,E01004340,0,,0,,0,,0,,0,,0
Waltham Forest 027F,E01004341,0,,0,,0,,0,,0,,0
Waltham Forest 027A,E01004335,0,,0,,0,,0,,0,,0
Waltham Forest 028A,E01004327,0,,0,,0,,0,,0,,0
Waltham Forest 028B,E01004328,0,,0,,0,,5,,0,,0
Waltham Forest 028C,E01004329,0,,0,,0,,0,,0,,0
Waltham Forest 028D,E01004330,0,,0,,0,,0,,0,,0
Waltham Forest 028E,E01004331,0,,0,,0,,0,,0,,0
Waltham Forest 028F,E01004332,0,,0,,5,,5,,0,,0
Column Total,Column Total,49500,,27500,,39000,,128500,,20500,,16000
,,,,,,,,,,,,
,,,,,,,,,,,,
,The level of rounding applied varies by estimate. Please see article for,,,,,,,,,,,
,further information on how rounding is applied,,,,,,,,,,,
,https://www.nomisweb.co.uk/articles/1103.aspx,,,,,,,,,,,